8835
7755
11638
16587
8642
7958
5570
5989
18955
17796
11735
14346
4192
2988
10464
17283
17592
8690
7907
9453
5121
687
8516
133
9554
9071
3440
6233
6895
4322
5862
14929
8286
11618
702
19259
19906
5529
9257
17822
19314
18935
1234
19363
17294
19950
11570
12137
17288
386
869
16244
1124
16613
11307
13121
12721
13374
7279
17892
17359
4187
19159
14721
497
6567
6338
8785
12106
11452
1175
18575
12318
14568
2569
10449
126
2839
10924
13766
5864
16582
19725
16454
508
5116
2423
19867
14849
19557
4044
11950
11172
17600
2683
11865
13056
4640
18629
5936
13447
11212
7910
15722
3685
14517
3994
18086
10687
2654
13498
14363
9892
2997
15765
3109
2253
15153
3904
5638
18158
14061
16972
15667
14860
1829
18298
12616
78
14570
17958
31
10954
13040
3676
14441
17369
9050
16290
18477
4693
19231
2524
15385
16569
1758
8754
16838
12263
4835
16987
16122
1620
9519
1297
6107
7991
18596
18074
19498
15920
10255
405
887
10787
2081
17534
10372
12967
15486
387
11108
521
12875
17987
10105
10463
19840
2202
7035
19981
11695
16423
1255
17471
3957
344
626
9498
19522
19506
15121
7457
16187
18660
25
2622
16027
2404
13230
743
2583
1989
13617
11552
10886
1987
12006
18250
14593
6533
278
14311
2164
7324
6637
11931
12536
18934
16717
5809
14146
19922
17446
5637
14639
706
15632
18099
16017
7012
3135
17713
14059
11311
6321
1175
7579
19240
1560
14796
3725
11333
15781
15350
8310
1970
6499
7456
6916
4414
10103
17578
9546
6110
15096
426
14043
6305
19561
8587
5599
851
8852
1437
1978
6728
12798
13756
12126
9324
3278
19794
8969
4293
17883
8549
18150
7148
16709
14356
15763
6484
19206
6287
11016
15764
11398
17287
18751
4964
17714
18220
15078
8472
15918
4146
13086
8588
18605
19235
13830
1830
16093
5577
6031
15882
15009
941
2514
18071
6676
17595
11949
3999
5507
17616
1130
16302
6707
9405
2279
15041
6212
16895
738
9015
17161
7442
7357
14756
19790
5735
5282
19885
10537
2168
556
13597
7224
12583
18114
8669
16896
9882
5112
18827
17878
9641
18708
12096
17909
9641
5882
7821
19199
11428
15839
12506
13825
7216
11810
2864
12886
18671
5329
17378
10960
16909
18528
10512
2408
4528
14222
4556
3036
3680
12679
2096
8057
19425
9343
7343
3473
16280
14117
13222
12835
2613
3681
8288
4788
2237
1458
6226
14563
9603
2017
14143
560
18500
10128
19200
17045
19954
10442
8852
7853
1200
1215
8739
5410
12146
8174
4159
1627
15190
7379
5245
2021
7216
17394
2870
16231
2163
12802
11885
18518
5046
916
19160
6187
13385
17758
4456
14704
3592
6938
3303
16845
8970
6984
5048
1943
16380
1744
4318
18277
3134
7106
5851
5905
7167
13059
19239
15582
19837
2935
561
8960
3884
7079
10065
14941
10414
15688
11426
3214
11432
422
7456
962
9127
18789
14413
2558
17667
19480
18532
18612
19319
14340
8413
12486
15266
5842
8283
9522
8788
14466
13416
15598
6627
18216
9853
15685
4745
13981
3090
13926
15795
11707
14958
18435
18878
2732
13642
6193
2519
1312
9464
8858
1090
4322
10339
10555
16961
12654
2664
4342
10938
4805
19174
19139
19102
14051
1717
12896
11916
15278
4074
19673
19485
18780
9960
15354
8800
16829
17494
15062
51
4662
18344
3704
9831
11388
6389
3207
17457
17262
13751
10768
8943
4829
18450
15498
4800
10716
14711
2886
13036
17844
12194
762
1274
14720
5858
13521
11060
5669
10914
3702
19613
13579
1011
377
4651
3278
12211
5791
14926
1599
10141
14499
2815
2204
15783
198
6264
7189
15583
2929
11592
9016
2816
6743
16974
5277
5885
6246
13569
15084
17452
11514
9100
10810
15990
14678
368
297
305
2775
6512
2783
15235
4768
298
17269
91
9274
19752
8535
5635
16139
6019
8130
94
12934
16876
15724
13699
164
13904
5836
2612
899
5461
12804
9921
12176
9881
19872
11887
5921
10275
12306
306
12063
9732
17816
19471
13676
355
19349
17858
3634
10212
9575
15732
14663
2616
17267
9801
19258
13697
11625
92
12613
7765
8725
12456
14209
4233
3668
14216
1231
9893
16525
14020
16698
11640
9439
6412
10709
7079
4174
4835
11309
9897
12876
4402
8870
4856
611
9134
1469
16914
3719
11413
14888
19401
16872
14887
4025
7771
8011
6625
799
16728
19059
6623
11212
14443
19745
3482
5717
17246
7781
17602
19528
14402
16954
8733
8992
17504
17440
13652
10240
10758
19471
3666
5435
12601
7239
2785
18907
11444
6870
2195
9674
14101
5499
2949
15307
19378
9294
19033
7661
7012
6262
4327
14666
17373
3436
12081
10558
14401
6727
18801
9992
18648
12132
4979
748
7772
10740
7260
10404
6014
14323
14172
1992
10080
9093
19563
10810
18019
16716
11447
15141
16664
17636
14402
2164
19537
19728
5045
18423
12672
13441
3140
17886
10821
19543
15540
9902
10142
14985
12842
5801
18525
10767
8672
18060
12950
2440
15128
8792
10613
5291
8419
10299
16053
12248
15942
19620
16465
5444
1395
12652
3745
13502
5538
412
5202
6238
7301
10796
4585
11669
5754
10237
17470
5104
1074
77
5281
11064
18472
8690
4844
18049
11916
7898
7811
17370
18226
2809
9025
12471
4425
5853
12046
7515
6063
3478
4351
18397
5340
1122
15732
5839
2759
9367
821
18984
11661
10342
4323
5466
15514
12353
11116
12419
15391
10305
10681
18807
16060
17404
9996
5251
12748
9549
2326
12595
10051
14192
10351
11778
4453
777
18000
10880
17950
2012
14878
3075
6292
3356
16895
8324
10614
2428
10121
6501
7517
16438
6218
2723
14172
2885
2804
15806
2553
19453
17763
12987
1920
19667
1813
2357
14197
3788
18152
16786
4230
15560
10223
13276
155
2572
16051
7989
7215
14951
19229
16040
16293
10577
11906
9249
12482
253
6812
18853
372
15008
14860
828
10458
3143
1614
13659
6575
16129
4635
1757
11857
12798
5595
19511
1978
3456
6494
5562
3807
3969
9869
12089
4716
18869
17790
902
8527
19995
6722
18185
12858
19820
19338
13260
19595
3396
12226
18625
2443
13385
17577
1804
11290
16179
15695
15728
323
8758
9615
16585
18070
17130
9020
1569
9621
1258
12750
4128
8271
14716
9902
7881
8433
15814
132
2333
17229
681
4952
12328
3486
2774
16757
7249
14683
11356
18005
17610
5245
17886
18239
1880
16575
12146
4902
8445
15723
6013
7767
2925
5988
11220
7257
7109
14964
14497
8065
89
15709
18160
7544
18782
12975
6902
7046
16594
14830
6248
13683
5014
11469
5605
3917
8903
12121
12681
10876
3456
16983
7496
9407
13350
17222
8426
14561
3084
12830
2940
7601
3157
14944
10510
18839
16047
4562
1620
7963
10431
19522
12863
17757
17953
16767
10686
16487
14122
805
15308
7828
16566
10339
4272
1860
2201
2999
13517
13512
10388
4558
2090
5177
4724
5849
12541
295
15108
17418
16557
4444
10973
7350
13511
18565
18732
2587
17467
16797
313
11425
18445
2250
19439
17272
4024
10459
593
14120
17076
18367
8452
4208
11117
7863
3838
1750
5388
14290
243
9701
19890
8425
7632
17465
83
19285
17706
12453
14703
17384
17197
176
13698
15386
14687
13846
14036
7306
2941
8144
5403
14530
15308
623
3451
6119
10249
14216
6876
8000
1121
9503
4484
4988
12074
12918
16436
11498
8238
3200
3317
14537
7250
11121
9241
9601
3800
5908
10239
9155
7219
5786
19802
8016
135
8354
4177
6677
11062
18367
14684
9116
14780
1178
1796
16001
18901
19765
10406
9480
11389
9108
6441
5326
491
14322
5963
16899
13867
3900
17194
12654
3719
3084
19332
13684
17688
6619
7590
9704
18032
14007
1778
16210
10946
7980
7396
1942
16914
1014
3412
9471
1428
19670
2997
14238
2506
9924
4099
4171
3264
18586
2467
9099
18807
10737
17126
18986
2710
6201
13451
260
9255
2818
12679
12201
15969
2273
6062
10927
6789
11727
9561
9202
3276
11770
12239
11521
663
6017
14528
3491
304
19235
17380
7528
16838
19665
8842
15698
11136
18230
19221
12216
11176
10318
12713
8350
13841
10845
17075
709
11331
5396
2624
10844
6969
19591
18858
14256
9451
305
14712
5513
7400
14710
10848
8790
8979
10252
2046
8830
10267
19729
4957
18988
14544
10304
18398
19455
5027
13104
1975
4253
3520
12850
137
8567
13864
17061
8816
9790
2086
13701
17886
457
12844
9619
14806
152
15983
17191
8695
18233
15568
682
129
13846
9607
4206
2790
7486
13745
4922
15825
433
17692
6307
75
18772
18738
4390
17381
3438
7797
9888
12025
420
1665
6883
7307
19869
18535
1878
11951
8023
18789
2636
16442
8
6976
14660
8899
15377
13649
2647
13308
6282
17651
6441
2062
16109
19234
7080
10260
2914
15394
1516
5943
12563
15555
19155
18637
13221
8691
12833
8406
14582
3603
10230
12504
13539
15763
395
19239
4295
5663
16271
14303
13109
1810
1075
13006
4509
16576
6796
12075
9531
11182
11679
17042
4993
13977
6929
5530
12787
14478
18332
8292
13898
13484
4102
7612
11967
16097
1170
974
19667
4510
1887
433
19998
5754
10441
9600
17032
1144
4621
4413
7638
12600
16688
11793
4830
6239
19956
15535
14031
4062
6823
7077
4325
16062
10787
3984
2817
16088
6756
6834
2250
3346
19909
18133
11191
7354
4532
8881
5644
7708
14849
17531
11211
13634
11271
5850
14202
18399
12839
6787
2663
1895
10422
6613
7091
12576
12341
1101
15637
10635
189
3746
17511
12950
2740
8737
11512
266
1234
13645
15688
6483
10925
3635
19314
17901
13897
4317
1989
8191
3766
7390
5125
8311
13462
6692
10154
14716
18946
17584
14492
15400
604
10178
17552
18429
14063
7668
6285
15143
6395
13040
4684
15947
14228
15145
5212
7447
10959
11177
2200
7142
8574
6203
4119
15475
10275
4768
19130
746
1542
2877
6642
10220
7890
18488
16029
14093
16399
12944
8786
7421
10834
1167
18918
19161
11780
5062
5460
13296
4637
928
3424
8418
4388
11623
2483
9546
5079
2784
15117
9053
4706
4035
3776
16679
14697
13808
13946
19345
811
1825
12065
9052
14373
6490
1555
6868
15846
10225
16526
10899
5465
3936
16462
11655
3526
16162
1497
16323
19473
6433
18985
2867
7577
3827
13351
4816
10490
680
7001
8912
13202
7717
5884
2853
1762
3726
10988
6026
9420
11412
12786
12376
4773
1544
11548
7977
6363
5874
15262
11815
1193
15129
18050
1598
15895
11092
2550
2940
10977
18930
10070
4416
544
16758
10164
720
19976
18173
17681
19176
8518
16285
3701
13242
2963
9707
7444
11066
19768
11719
15932
19254
1047
13049
12419
8828
15446
265
18204
7566
4123
2377
14519
17983
19820
2060
1932
4388
2647
6350
17187
19890
5999
3113
2221
2149
17529
12138
14342
11263
1799
17739
4567
5354
8911
1693
3023
5729
5656
1734
15735
9938
985
1872
19030
19407
1732
8062
3680
289
18673
15118
12290
16053
6044
5745
3577
7914
5146
3441
10765
19843
19983
6285
15206
5218
19034
5257
16597
9321
14590
2781
8670
4849
19845
10736
7621
13629
14693
6181
6812
14785
13797
2396
2638
13217
13547
10888
18289
12902
10067
14812
7581
418
12477
17825
1143
18504
16438
5109
15532
5084
13829
12974
1182
2897
8440
10550
11473
8690
6541
2225
4793
19011
7523
18155
18119
9819
12377
5708
595
472
4299
8010
2186
11016
517
11937
11017
18384
1788
14991
5285
17779
15059
11253
19483
9836
16229
18097
13115
17589
2768
11523
624
5245
13366
1948
14982
4375
8569
17112
58
18258
10656
10746
488
9201
2756
17818
9470
9217
14604
4923
11153
1364
3779
2751
5680
17065
15759
1245
4631
10035
16570
19381
14519
9437
8572
9580
4160
15701
12091
3276
3959
8496
14376
18009
2676
6949
14416
16667
18904
13930
13332
19397
520
19988
10674
18700
19255
6654
18581
7532
13546
14428
9135
16122
2608
9959
17860
1995
14597
12311
13497
6660
12350
10917
1673
7930
17861
14249
10636
19540
10881
10599
1551
15904
3512
9035
3195
16852
8956
1972
9782
19099
5455
6150
4071
19098
12617
3499
15319
11436
12927
3711
17217
2947
8997
14739
17211
5943
15857
7366
7664
13091
10883
14450
18997
12482
12837
8906
16912
8376
16795
8007
13983
18801
2196
16431
2419
8881
1482
14891
3352
7258
5384
16801
2516
13324
9918
19818
14937
10577
18681
16934
13763
6226
3900
500
16171
5379
18612
18117
12076
1616
5450
558
18029
9792
7526
99
1652
10797
6395
7367
11057
14531
2711
7767
17293
3682
574
9877
11906
7724
19557
17155
8466
7231
15682
6401
17727
15127
7573
5588
17708
10770
16091
5816
8198
4020
3327
17206
6757
18352
5221
9042
8997
13646
8949
1655
2271
14205
10009
9855
12226
15868
17553
14912
19310
7052
8114
7915
6557
13913
3447
12768
3492
13140
11427
11305
18369
8507
757
13470
1772
15971
13889
10203
9671
10848
3336
8279
1830
19643
18270
16733
15117
3238
12932
814
10936
17724
18642
18937
2723
46
366
7198
14326
1876
2446
6830
14954
16694
10913
11178
5133
8409
13435
9394
13727
19842
10712
18949
11615
19030
11543
15555
15521
2506
16739
11383
13675
2892
571
13970
1564
16511
1687
18611
5625
2394
6973
11977
15828
963
2135
14761
8077
3034
10797
1906
3373
16668
17208
12826
5557
7759
18238
15472
16903
8757
5899
10949
15399
9441
6598
18973
10793
6526
16927
8506
3518
18931
6397
17581
1100
19798
4521
8544
7305
16447
3127
5183
11039
11276
2465
14418
3875
12519
19081
8514
12220
18007
16791
11865
4673
3487
4137
19805
17429
12580
14493
5929
10854
8340
7078
8619
8529
12247
6674
6999
18027
8519
11076
13091
12860
11525
10894
2902
4973
1172
1107
10171
15803
19653
6621
10220
18740
19888
14532
11148
17510
16859
9321
6403
15331
14165
17413
10645
19835
19373
13265
2140
11451
18785
11539
1823
2354
6366
14439
11638
19683
14028
6231
19242
3746
18493
6413
1344
9303
12784
10421
7516
14139
3544
13675
701
8456
2306
3656
14873
14262
13810
16033
5154
12843
7928
11226
5383
19082
1509
1411
6498
6733
5956
8243
13245
14635
16605
6388
8864
12626
488
17133
284
7853
12291
7577
15329
4782
15747
4109
18122
13456
7246
14809
195
18062
14628
14923
13856
17285
13317
17707
13407
17114
12425
15493
15099
17439
1250
16163
16338
9818
1632
14484
11196
15516
538
11462
3603
16464
13038
3683
18057
3488
5325
19353
14679
16480
8408
10457
18298
8932
17667
9145
12346
9831
8011
15545
9184
18594
19712
16818
16691
7818
19469
3122
8634
6679
9827
8681
825
10743
12466
5405
18997
445
5562
15054
8764
15814
19183
13220
9074
14170
939
18454
11515
3193
15692
8474
5007
8615
7260
2554
4051
1915
4955
14202
9779
8554
17778
12362
10269
722
14258
11310
5896
15923
11116
13507
4122
7024
879
16512
11869
15048
17921
10130
6549
6266
12324
778
15555
11870
12416
1045
16837
16522
12418
12488
3639
13651
6229
15212
14229
8702
19132
9038
12277
1222
6518
2092
4060
15750
14858
12928
9645
15163
3214
12727
148
11219
11040
16164
643
12609
3279
896
13602
6789
644
2290
9220
7408
16698
14027
924
19721
4378
14277
246
11242
5828
1821
1751
11069
5225
15617
15168
6867
1892
6923
298
19938
1919
11245
16057
17331
10940
18009
15200
19656
13637
5157
10188
3853
13772
18604
4715
3850
1134
10755
17411
10749
14470
16482
3605
11203
9327
17094
19328
8623
2301
4516
18930
1694
19615
9386
479
1236
8295
610
10378
15435
15312
16278
12430
2504
2375
6559
11422
17418
8192
9796
10813
15609
12519
17580
6472
417
1264
11802
6000
15704
1517
5791
7807
1463
14810
6673
2880
1223
14102
9590
17227
11246
125
16480
6349
6436
11566
10764
8611
14511
13867
18914
7688
278
4097
13184
10954
18610
12686
4266
13434
11314
10508
15109
16254
19624
10971
7776
16092
11312
16339
1303
5920
6658
7338
308
7856
14246
4394
4489
647
12486
9395
14194
14428
10315
2294
2073
1135
4035
15676
18014
5615
14707
16555
6148
2850
11783
7980
11913
10066
12502
5907
8994
14124
8213
7337
14086
15507
7467
6172
647
9601
11854
12040
2015
14378
15485
14715
12548
9573
9836
5404
2298
16917
16129
2842
13124
5075
6278
14531
19426
18004
13501
8188
11928
19319
15149
11532
13774
6167
6208
2399
2935
14558
1221
7785
2006
2155
4722
16244
16201
16234
7884
2514
14578
1190
2
5234
19180
15550
13569
808
4862
19065
1235
8224
17807
880
15703
2981
9087
19890
13125
12379
6781
7560
4739
18330
19741
14027
4405
1257
320
3551
14416
17409
15783
16500
10200
14140
18854
10285
7547
4690
9240
18347
7178
2666
6834
19967
2172
15100
4477
6482
10401
1182
2395
5560
1076
14939
5554
15437
15135
12555
16910
13595
4614
15963
19566
16878
13589
15694
4873
4254
3627
12652
9978
10624
12037
14677
9025
3582
10682
2514
12077
12749
12377
10084
10636
2662
6674
9622
19234
3997
14687
11279
6226
3147
9275
13419
9943
19254
11457
10502
18732
1224
7753
18837
13855
2549
12063
2319
12208
10574
13304
3125
6559
8416
15286
4741
8110
17424
6582
1632
3615
7235
17884
16055
16975
14297
1139
16507
19908
8080
14321
5078
1864
10245
19990
11528
9035
12876
16941
16639
19596
10973
18971
12803
2627
4494
7972
492
19320
5866
6340
2168
15951
3330
3700
4011
7954
11950
15333
16704
4292
16583
5624
10255
8274
8656
16751
11127
15146
15781
8818
2184
603
14981
12692
5576
12652
14702
18590
2073
8966
2481
11107
11395
15577
8208
12174
13708
3784
8927
12136
12253
14885
1164
6002
11917
397
6570
9018
17407
4201
7059
5077
1606
4894
1183
16631
15362
19389
13412
16042
9002
12810
1684
7930
254
17218
17081
11879
18780
11132
15920
16652
2658
19375
9031
12420
6941
1174
844
19309
747
7367
17860
18659
12472
14678
10892
11204
8447
16425
2822
18373
6785
2556
2665
2582
13901
18607
13203
9709
1535
17996
11430
8621
15187
9368
6006
13007
16735
1746
303
16108
11433
9626
2808
2922
19101
11200
253
18126
12062
13585
19077
4737
4734
17461
19318
9567
14283
7323
10845
11866
11448
1402
7374
19898
11594
4695
14278
13121
1991
6170
16562
17323
17532
7500
19045
18976
2867
14688
2390
19876
4995
3488
17499
17392
24
13566
937
2053
912
14384
8002
11012
12536
7346
2260
1678
19802
17042
18934
2020
1360
14305
4465
1762
13061
8075
12491
3375
5187
17469
1423
16095
7179
8921
18785
14208
18928
6629
11710
6559
15823
17721
271
19862
14010
6564
14003
10382
17136
11506
8885
11810
1452
18397
4457
7058
14645
1067
9216
6367
7435
4291
18363
7037
10388
16580
8097
9560
6361
3999
9266
2194
13399
12642
3986
13360
19672
18717
9570
13809
2651
11517
508
14726
5540
14924
6206
3334
10862
3480
16822
19839
9547
9431
12380
3288
5011
11750
19476
7410
3985
2715
8744
1124
124
8468
13248
3625
15829
16368
18890
12084
4361
2543
11822
14006
12653
10108
18478
2249
13912
3491
5735
2311
15734
10602
10004
3676
11709
12236
14827
17293
8433
19167
19657
7518
8294
3680
9948
1961
9274
18423
2743
18335
3087
8535
16842
1196
19654
18970
19394
10037
19338
1425
11323
2530
12670
2469
9459
14179
1821
14788
17787
7398
7439
2290
16322
9933
18513
18644
4363
3955
12841
7330
14485
8548
18257
18505
17478
8539
8749
8856
14230
16124
13247
5461
15243
2601
3438
17786
13977
11704
6129
19403
9163
7517
19306
4294
9334
10057
11136
5448
1990
7192
8340
8655
9654
5247
45
12577
19610
6600
13832
12394
1717
11823
2092
9134
3472
10115
10970
5119
4680
7763
7844
10207
15307
13572
18165
1732
11974
989
15525
7997
8701
14162
3184
19872
12067
11736
17285
3371
7134
19977
13926
7128
19837
9144
4528
8414
19744
17381
4845
8108
10609
12325
18669
7358
3150
1418
17408
7577
12636
11156
5200
2208
291
13548
19025
8767
17901
14347
1802
17569
7264
8329
17795
6660
14124
1916
11042
10816
5486
12702
13651
13995
8613
15330
4834
12125
15744
4119
11068
8669
4120
12357
17983
14436
15668
18141
2566
19002
6574
777
17252
5687
11174
5200
2824
3928
11126
7030
9489
11992
17573
17745
10872
15551
18669
10022
14494
5894
6955
18857
15009
14033
3254
4382
5315
918
13695
16998
8628
18930
15492
4136
6881
3772
15007
14369
10465
18882
11061
754
16328
16132
14197
10868
5526
16340
2234
10650
6315
8411
7834
4430
17210
4628
17716
11173
829
1148
4703
6213
8930
75
1491
9696
16949
13399
12232
12196
984
5494
18920
13927
13606
19836
6306
14703
5402
15097
15687
7629
6901
18077
14151
13909
15549
19664
11920
14773
11557
8788
8018
19289
6425
13883
3754
12075
14161
11420
4071
19682
10616
19095
19006
10036
10764
7678
12539
3590
10407
8292
10478
19101
584
13441
2231
11379
18357
18249
5375
16626
13478
4185
1077
3976
15201
10427
513
13930
15656
17061
17077
5721
15190
18236
325
5359
2086
10319
984
17479
18911
9586
5693
10377
2820
15792
9880
17169
16961
6042
6892
12735
15899
1493
8781
3257
7010
10903
18353
15237
17439
3508
19283
19089
6292
10986
4060
13966
19454
11725
10672
18812
9163
9794
8998
13737
12131
13682
15261
8702
19725
13404
13124
9836
3959
15076
4269
9521
16822
12628
4079
10672
4640
4792
16468
6955
8275
15625
403
19726
2299
2203
15069
9826
12068
8092
2441
3036
1104
19950
11692
10394
138
12328
5291
6152
18581
2309
846
10879
5752
13786
6164
2113
4079
11867
12473
11809
2729
9195
5605
4656
7695
17912
5916
19712
8480
825
14453
17523
17602
14030
5687
4907
19614
18130
5586
17636
17414
15728
4748
16439
6460
4508
16463
18650
11432
3203
2670
19766
8363
11622
16122
6499
10438
10552
12332
5954
13604
3773
11938
13447
1620
5514
4161
14659
12741
8737
15107
5798
3450
3082
18971
5848
89
12351
17732
2458
9558
10983
3377
589
13777
3805
4914
6155
10788
12908
14555
5929
9906
17103
15901
9618
19363
15949
13056
14788
7950
11544
678
11761
14630
1135
19562
7036
12722
527
6209
5576
14028
8568
9525
16203
12715
16255
17391
6502
16771
19466
4723
6030
4572
3808
13588
17158
13062
8535
8024
12680
8056
17967
1940
4096
17583
13723
4287
16293
7896
6818
17007
10678
5245
702
8771
4754
7027
19296
10769
8598
761
4562
14198
12840
4486
12079
11696
6001
14616
11495
17312
19656
4620
18960
16450
4788
1634
16404
1644
19141
18859
13327
4153
4684
18594
7279
17514
8717
18831
2515
11480
17335
15815
19978
18423
10530
18382
15168
13755
7015
9660
17874
2813
8174
2967
7868
9821
444
13798
837
4926
7523
12188
1767
18045
11102
17921
1882
16034
4438
14447
2902
16932
12048
10159
13564
13380
15556
16122
12174
18851
18711
8277
11089
8276
2014
16787
4356
14630
19853
12515
14836
17438
400
17951
16823
16973
10851
177
16049
11195
1579
17117
14194
10415
17320
14400
9740
6718
12466
9763
3851
974
3145
18019
2521
5619
13462
16425
3137
18860
10678
11159
11218
19081
11277
6479
10907
15062
10299
7993
5444
5896
6039
1573
6056
5686
14958
15208
13673
11448
2426
16938
12640
5042
12835
10422
2773
10776
15993
9462
16436
9118
13192
6391
3770
15608
1543
14065
6367
11591
17643
15918
8223
17351
11720
10575
3119
18435
18181
1060
16292
2979
7091
10602
16317
393
11256
13958
13706
5882
7171
10499
13578
15886
8987
7820
18556
11534
4784
16723
10224
6677
1376
10718
6654
19886
15745
14686
3558
18452
10785
439
1421
9955
18388
18595
13311
4078
13887
5265
19543
7361
11195
19982
13389
13325
8663
17975
12376
13249
18247
1656
17385
17810
13578
19862
14794
13085
7527
17098
2055
16066
17399
5587
3226
14800
17504
16735
4168
16013
12541
18737
9570
15917
8145
2627
7475
11478
15698
15708
14495
13670
17375
9160
15290
18323
18418
4874
1956
5984
8966
17624
10531
7999
18627
16487
4262
11562
11587
13800
5514
8003
10644
18160
16980
15923
12265
15890
6770
10740
10114
3152
7127
12930
10271
10988
10833
9281
19005
7921
7299
13604
7509
7950
17948
706
16886
11784
13476
16972
6015
3100
8648
11299
3949
17419
11671
3862
3518
17495
17489
10406
2973
8997
5441
8684
18261
10897
15765
9086
12643
9389
13565
5598
14151
3033
14993
9689
1395
14020
9887
10454
10002
10410
8752
1934
16759
11198
5033
5243
4935
5571
13421
13205
8414
12077
12082
14906
10673
13510
16731
4764
9235
13893
1105
16673
1434
15815
4915
17306
8917
17851
15972
12329
9056
1339
8590
6179
10364
9464
6281
4373
18829
8380
13227
4841
7944
9030
16108
19341
2849
461
4904
6799
9905
2502
7161
2524
6250
12821
8882
13663
10886
14136
18033
13085
8318
8808
7818
14173
3280
11246
8449
15407
14828
16921
17353
16892
14500
5755
8652
320
16424
10458
13230
3534
4707
13595
16134
3751
13030
10321
1353
17013
18344
14467
3283
3254
17077
13175
16578
18594
5487
8100
11728
17607
5841
18996
11383
19752
11917
11422
2599
15778
11383
4429
1215
18132
12007
6647
8752
1359
10606
4010
17747
16926
17947
9342
5201
6223
9498
16903
10167
3891
1559
1626
5729
11657
13160
5513
18087
9946
3611
18262
7764
6901
9698
4072
5152
2612
10980
18450
9563
9658
6573
11128
17050
6142
17602
10007
7640
16787
12835
11367
1753
19116
16928
18850
9826
8939
10274
19483
12899
2745
2702
13606
15138
3003
5264
9889
1808
19930
7433
15136
3727
13963
2792
11861
12595
19079
13728
4418
18509
1075
238
13730
8327
6474
12662
2839
3195
9240
17294
17241
10587
2118
14820
11130
8653
15888
5674
5105
8919
12176
11304
19855
7584
9982
10952
14933
10824
4717
17422
4902
18646
9945
8720
15022
4994
8783
1672
7150
1301
9406
3371
11476
15575
9432
9436
18290
7203
18558
9627
2814
2624
9186
15624
9489
6472
1796
17069
8836
12728
5487
5613
16849
7652
10388
15257
6168
132
13736
10820
8917
7688
12517
234
12848
16366
13394
11736
15613
10594
12325
9616
8398
4560
1037
3189
15783
18807
11998
19081
8852
9608
1054
9970
1319
7776
13692
613
11742
12393
6364
19757
9973
5797
13500
12050
4604
18905
2420
12447
9368
8518
8546
13311
18439
8011
1734
11786
2144
19852
1596
3917
3295
4341
2781
10280
4799
14216
19973
9480
15237
7295
15629
3809
9010
2266
10106
1331
2430
18617
11090
11326
6949
10086
2527
19505
10688
7707
19837
11929
7580
13651
6999
13772
15865
12355
12334
12605
7522
9108
10892
12188
5196
6292
5607
13354
13259
8420
18628
14279
13651
13729
14895
11128
19947
2254
9565
14930
1993
8347
7006
4954
17939
599
2341
13214
10648
7555
2846
12513
6524
6426
1376
13487
14235
12843
9966
17507
11145
8381
10521
4376
2386
2525
11900
11861
16214
14123
10855
3302
3120
18196
2785
19423
9225
13268
7594
6292
3496
18752
17751
3245
9016
15506
2702
9699
18722
19252
3624
3243
14423
10329
12210
4678
8552
9660
9299
9499
5629
16164
14753
7870
16176
12021
13052
4423
8204
16581
1945
13856
16740
687
4012
10871
7558
16701
5246
1634
7469
5999
3931
8850
13053
16043
3922
19250
11062
6595
19168
224
18987
6605
12054
14005
793
13162
14938
5166
7519
12928
15614
17980
7902
15590
961
7240
19595
16988
16534
17180
2580
11419
3783
16982
10218
13368
11048
18298
12452
7436
8469
11598
1457
9002
14052
14844
10642
12991
6153
13945
4799
737
2655
5068
8429
14671
10068
12231
16761
15130
3582
19007
1989
8967
17186
3944
1027
4569
17722
8252
6958
13286
11909
14282
6665
17127
12342
11954
3246
2890
16508
8043
8417
9265
15063
17395
14451
8188
7264
4380
6235
15940
12911
2646
17314
13063
635
1341
3071
7923
17803
4090
12214
12252
13885
2904
1930
3669
8214
16926
4267
18234
1427
10479
5385
11378
18064
910
1946
11004
9983
18602
840
17904
19640
11024
9110
15095
7834
10479
1352
19999
8016
7902
8759
19727
12254
963
13223
4682
1867
2011
16041
9882
9145
2289
18685
2715
589
11598
19160
15083
2373
5895
11564
6486
17391
16392
19016
1558
10097
16968
5598
19981
7525
10267
8793
3397
15942
671
19072
775
19300
16246
16056
14017
15348
2051
4162
16297
13370
1113
7984
19359
8563
13477
8918
11232
11708
18086
12838
1694
7080
16835
5900
11781
17430
6338
5014
4476
15565
10294
17818
10128
13052
8161
10998
2305
14233
3147
389
9311
6480
11795
7763
3875
13960
18007
19907
17976
6228
15639
12803
7635
11278
11895
11472
7140
17698
7054
4710
1761
11732
5570
19538
17048
13339
6140
9372
10201
14759
11049
9678
19475
557
7272
1311
13783
15007
4188
13316
7547
18495
3328
17892
18009
3332
18280
11129
14209
3266
10254
7472
17637
18674
2719
19985
7886
13972
12186
9272
7690
11229
11515
17677
4471
8088
4162
5678
7840
6374
10866
6809
7131
54
12349
679
8351
10598
9192
17731
14023
16584
5303
10409
5860
10835
1379
12440
10515
4470
6375
10034
3856
684
9772
597
4700
18640
17229
5839
4844
3997
19840
4562
5893
7790
16673
10677
19533
17238
17063
461
11114
18337
154
17164
4545
11524
1798
9610
425
9916
9183
12087
10791
11579
11538
10327
2363
5041
2867
10526
15972
511
13164
8681
17745
4653
12263
11325
9193
10771
10609
17550
688
13810
5507
2165
15240
5006
11367
10395
13068
15073
6291
17786
18821
10133
484
7538
3657
10021
17327
19495
1119
1324
7379
2083
11173
56
7570
2949
15241
13697
12498
8776
2867
19585
4361
12811
14370
13298
2631
18342
6374
2968
6069
11444
9465
9544
17279
13327
19135
2138
12110
9994
13324
3802
18012
2979
14758
11997
7859
2136
18855
3209
9797
2259
5670
12281
2032
14004
16161
398
19821
8190
17833
4170
12438
17006
4247
4004
6138
8088
11994
11752
292
12174
12118
2807
7465
8093
15663
2370
18033
14183
5832
10040
10990
3689
9298
2727
7940
7779
15453
3168
16592
15040
2608
14158
18861
13139
2615
11589
3056
4361
17444
14264
11642
3044
6322
12173
15546
5724
9316
7505
11676
12463
4440
15395
1313
1107
16063
641
19008
18976
16885
12892
11122
1166
9317
143
963
11396
4405
7594
1353
10378
14773
13023
320
9371
19429
11343
3335
14067
15106
7269
15199
11673
14338
5335
15113
12915
12897
9064
10715
1008
2803
17455
15092
248
5455
8628
8901
14135
19963
5387
9167
7388
271
12523
16886
14434
3707
12439
9107
18586
16333
7516
4648
14252
1317
7585
19285
15053
2357
17404
11387
3668
833
399
7836
11791
15610
981
2886
4876
3643
13768
9138
980
10932
4674
6808
208
18155
17395
17631
11328
2657
2727
11265
17401
2487
7473
16086
8556
558
7495
11817
5510
5848
16212
7304
4405
6293
1381
6252
12152
9909
16065
11962
5418
5808
140
18973
327
11235
13867
9072
10581
903
8673
13879
7780
11971
3567
14290
6459
474
6595
10440
17
6906
15438
10199
13412
6346
11039
12215
2576
18585
4211
10686
7074
19773
9938
8014
17385
14456
3429
7060
10503
11121
10716
4439
11699
2728
8163
18939
14328
6011
8601
18732
8022
11622
9400
19009
13573
17492
9366
10906
10265
14816
1471
6404
7665
1256
563
11350
2728
3164
1049
1773
19694
9
3160
19859
1233
14380
1501
12932
11125
10139
13578
5256
13033
19447
1865
12811
5523
12110
9596
19038
19315
11025
11256
17202
16476
10144
17800
5422
12404
7000
11599
13009
8107
4650
1473
4948
8220
15323
9451
15895
14980
3330
9230
7827
10149
3754
12756
555
9625
10211
6914
4620
15372
7231
13895
12436
9878
4919
18365
16938
12349
794
2546
14109
13523
2171
13717
3811
7280
2925
7076
16510
7483
443
5675
8912
5477
19359
15753
17076
18253
16362
6817
18593
18116
2803
4174
9606
489
7398
761
5357
6361
11448
17548
17369
5685
18526
8529
12087
8879
2262
13077
18138
2413
4882
19967
13456
6416
14374
5978
15033
11172
19527
3446
13697
12904
4856
10135
3828
15384
4415
877
13997
16962
10953
6562
7293
13314
15599
5900
19838
18712
7225
17288
1613
9380
12068
3137
53
12708
10955
12009
1080
4160
2320
17610
13254
10981
19140
7087
17552
5183
8232
6530
1489
14735
13546
18781
14703
6271
14326
14144
17631
919
291
1591
6428
18704
10594
15267
7372
17965
819
661
3899
16899
7779
2780
18837
6577
715
1702
7162
391
14214
2163
14357
13743
14628
14359
17077
2142
3823
2934
13248
3144
11745
1326
16250
8200
12269
16764
8355
485
11064
15484
15254
3808
1511
14187
7437
19449
9856
3613
5661
15948
9725
15903
6396
705
4919
3756
18921
485
19108
5286
5984
13062
9353
635
1274
19818
18797
7341
14516
7727
16124
18984
11617
8889
19759
17074
1334
6960
11794
18356
17482
14592
17133
4822
11573
1261
13869
6237
5436
470
6691
12908
3255
9430
2421
15929
11556
10250
9279
15292
12661
4542
18536
12957
15713
17566
19617
6803
11415
14034
16422
14929
16758
9745
13374
898
14437
19366
12761
17731
7120
9605
9672
15750
8250
10086
4579
9488
1103
5300
17554
15908
12171
4890
1899
12760
3187
16745
18914
15828
5039
12097
15780
8765
9020
12440
7125
4279
19411
19960
9536
14415
19704
12614
17546
12799
17581
16005
19500
13469
753
6843
13133
8359
1343
3963
7440
17162
1650
15475
15375
6966
902
7181
13431
15766
6027
9334
18886
12871
1341
19584
18226
3210
15128
8547
6411
840
19979
11796
13211
6855
13242
10048
1739
7690
6518
13419
6314
19775
2266
6903
37
449
1762
13844
9219
18821
686
15439
7541
6935
16884
10388
3650
8911
2091
10535
12959
9273
9507
7582
2162
10108
7696
11265
6610
17572
13953
17869
5227
10980
10640
15024
7975
17737
14886
12820
15284
583
9114
6934
18782
9996
13763
8701
18632
1965
19078
12924
12446
11385
15658
2352
6659
10968
16317
11519
1284
4990
1023
14180
14778
8567
18044
19163
4948
18835
5145
13267
4840
2359
18495
11978
6681
8963
10087
19728
8116
18934
14399
824
10640
19767
19895
3144
17003
16324
16247
3389
3450
18746
15533
251
16565
18121
18580
5064
8254
3552
15894
17751
4879
12079
7002
15076
3225
11263
13164
4600
17121
1977
3146
9745
11044
1006
7970
16545
6952
3840
4709
15234
5085
18132
14612
5146
17150
6174
11397
15617
172
9074
9530
2915
11754
78
955
19251
249
6264
19792
16010
16555
10793
3487
12033
8283
2439
15697
3735
18742
17042
13809
16076
18916
5098
3467
3213
15810
10546
10575
5497
14412
5972
7245
7795
11148
12035
17725
18747
4558
18983
8371
18110
10480
15645
7518
4051
3787
17958
17700
13595
18621
13084
5419
13818
3242
17101
11682
267
2167
18107
18090
9890
5782
5640
528
401
7158
18683
2339
14687
4398
12961
17685
2431
3974
18851
394
9834
17621
16209
19824
15585
12869
12822
8409
12265
19610
14652
6095
17371
9714
409
16410
241
3813
14281
1488
16926
404
11972
252
11162
3393
1000
4118
5397
8879
6672
4531
17159
19620
16387
8954
6550
13535
16908
17293
6055
205
5304
9511
17047
15383
15337
1748
10752
9510
2220
15386
10948
8555
6456
5186
14561
8390
17033
19354
12899
10830
9804
3762
15083
10034
13192
19972
13494
14830
584
5582
17414
10940
17403
9465
11198
1127
9570
10832
8741
14970
9879
3269
5069
7469
6223
12945
6438
10876
19268
15333
5138
17649
13107
13522
17175
8520
7652
3806
12594
18855
7295
12434
13402
7489
15612
11205
17913
11078
12657
13857
3083
746
3475
4561
116
14527
15982
9819
17770
16649
728
15441
1592
7323
8699
14249
7386
562
10615
18339
15651
17007
6673
6866
3360
13620
14803
4863
13873
8216
9257
6849
12201
8712
18871
16528
38
4929
11090
15306
12253
14175
11230
6820
16920
15963
15310
18131
12568
11890
4719
4418
17921
11254
8422
1603
17854
17559
8594
1266
17858
9557
5695
17620
7049
15148
2698
11755
10224
10933
19440
9176
100
13702
13428
7528
8225
17978
7394
15247
17012
10822
1432
8248
3752
8792
17977
14320
6243
3538
7867
10512
13552
11217
19322
13396
12641
16425
19566
7111
8776
17349
14552
16125
10485
13368
5081
17431
8956
5237
1539
15959
3725
15092
8484
4598
5030
2123
746
17657
11885
4138
14073
9447
6930
4595
6563
16759
13799
4536
2657
3113
7747
1345
14248
8895
11703
6253
15276
11299
4927
13556
17179
4935
6865
14395
17823
5476
9323
11123
15537
9391
13577
11735
10225
6992
14472
1337
13313
12794
12353
5784
16895
10511
13530
18755
12404
821
12637
10532
1103
2518
15458
15596
17372
5283
2861
14471
10267
7946
14287
12189
19060
7291
11965
10608
19519
340
6527
18193
5049
13728
3366
4560
8686
5801
18277
19334
12756
13966
3481
15002
7
11731
8396
10276
7441
10592
13868
10854
9881
9924
15798
17530
12479
19841
5765
3521
4760
17378
11732
11116
5220
16759
15142
19312
17217
16340
19012
1083
13095
10109
7250
10254
3283
2898
9087
6005
13753
7104
8033
8505
4474
12187
4695
9812
1019
19584
4378
19005
2635
16009
11766
13890
9531
11846
18798
2477
3272
3923
8661
18976
19270
12505
15948
13950
12956
6331
1732
8243
2216
2420
14911
13878
13326
17199
10445
14505
11243
19814
7205
634
13617
12027
13555
17707
4175
10575
14184
8272
19282
7887
17515
15475
12334
7527
4827
565
473
2302
2252
8148
17836
17218
6064
10052
11778
13853
15080
18245
8203
19723
15153
13313
1064
5222
10355
3379
7624
13003
16035
5385
9021
6476
9569
6971
13321
17715
776
9439
14276
18270
17174
16417
18395
10548
18384
17114
15501
18761
2109
1123
9013
14924
9931
5935
7281
12630
940
4761
11263
3879
4199
13555
13855
17462
2550
8131
16988
8379
13782
4000
7494
11426
467
9559
10394
15969
5554
10075
6138
16883
7504
15813
17772
2271
9646
3220
14335
4272
13946
11239
14046
3935
600
13553
9234
15584
10865
15916
13344
3095
17567
7109
3222
9275
11233
1986
14240
6767
11008
18876
1270
13918
18509
7237
8812
19745
13652
6170
7576
11065
12308
19226
5046
8345
1654
303
3007
17282
19605
12534
8042
7680
5884
7878
7582
18670
19732
1872
15049
10145
3559
16946
810
784
4847
10452
699
2662
2890
478
12959
15674
14216
13856
18434
12948
10806
7157
13279
14690
9030
19557
10277
8444
14198
2898
14794
16757
14005
12394
10336
7964
15829
14489
548
19923
7328
18437
18386
4449
6747
19099
15122
2760
11393
13929
4182
1738
1460
1695
6305
16183
3951
6109
2265
12231
3739
6520
12597
4261
19539
1387
13673
7747
11557
1041
7766
504
14363
8704
3520
1650
13874
4071
18566
19920
12109
16393
11079
16415
8334
3504
8572
2029
8482
16818
15552
3563
9692
18745
10336
16847
3444
3966
6638
16435
3194
789
19163
16813
7279
18871
3697
4523
19127
3203
5421
288
16835
474
3067
2181
5016
13353
16239
19904
7196
7907
7454
243
11351
13655
8055
3362
3735
14185
1257
12159
874
6356
7586
7343
19743
19189
19404
13218
19602
18237
16095
12737
9347
6662
17764
18742
19442
15967
16548
19303
19180
19871
14776
8112
2677
8871
14868
16501
13277
13822
14810
14039
10897
4184
14352
10145
9539
11198
16406
6259
11829
10149
8864
9023
5958
13537
11537
10435
3447
6229
5577
2472
3057
10508
5870
14017
13923
12046
19877
19975
15436
7802
17540
17006
18872
14774
1733
16084
13150
10534
12182
581
11322
2407
2837
14435
17765
13659
7107
9335
18243
9681
15903
19278
4538
1742
14504
1600
5477
11680
1489
8075
17977
8536
17457
8281
18125
1467
10542
16302
8226
4858
10483
7878
13883
15661
17260
7840
4598
11802
4426
3399
3182
10928
11818
851
4938
17370
8304
684
3268
7109
6709
16925
1472
11808
6770
4425
2177
18757
16862
16099
15637
13496
18346
18363
2168
12269
10492
18626
1769
17959
16237
14806
9782
11415
8704
16884
13417
2320
13254
18219
13708
13242
1815
7778
11068
19246
10231
19739
2310
12305
7505
7547
13299
11471
18632
8683
3331
19020
14340
5630
7370
16048
14897
5245
13738
5083
1072
17984
253
1275
9113
770
10969
16853
18091
17712
7761
16127
13231
3048
1619
9953
14396
19311
6175
12738
16784
2029
9943
17339
4079
14868
5701
1308
4164
2261
3772
2471
18130
1761
1794
15035
13753
10586
12088
19022
2636
829
12577
15816
8481
4400
19052
12455
10807
13388
9744
6079
11882
1085
10918
2569
2781
17871
10053
11622
16388
5610
3546
18820
14696
2945
7158
963
4831
8060
19851
3510
15747
9377
15052
7672
4732
3648
691
7154
61
2639
6104
16250
16959
12925
11185
8628
10724
12794
12744
18622
7314
15050
17877
6657
9463
3224
19052
18075
17315
1700
315
9970
10391
1571
6958
12265
10268
15122
12674
2442
971
3480
16020
389
16141
10397
1552
10860
8599
13252
17806
12902
1480
11624
3458
9281
19126
12922
6379
2559
1318
11158
13564
10043
1107
18551
2337
1356
1530
13518
5578
15700
11737
12975
5529
14304
8965
13624
898
10144
17733
2349
17597
15026
17157
7822
12015
17287
4983
11530
15394
14231
18524
19678
12985
18771
14318
11376
893
16595
17409
4112
361
12544
14676
6409
8877
3316
13037
15184
17797
11827
10557
9954
11829
5695
9926
16467
13472
10903
4041
17894
2508
597
14874
472
1615
2692
273
19069
8433
5126
1366
4348
7482
6689
14185
6742
17073
2332
5651
14469
6943
5373
9746
13947
17172
3403
8630
14341
5727
8588
1295
15608
3159
14093
1235
805
1636
19740
2727
7325
8642
19002
6550
13450
10389
10965
6357
19166
8630
8087
17890
17981
12685
5958
11928
11022
14828
6
15966
3451
10658
831
2237
13648
5327
8918
17465
12061
12230
16841
15646
4811
10104
8673
4755
5358
5693
8611
6871
4344
8586
9068
15537
11998
16494
7465
7787
10510
5993
6960
7549
7132
4995
730
15535
17577
9816
2870
10018
1426
562
12668
5734
3804
6530
7895
451
7964
15615
18057
13016
4207
1802
10339
8475
19428
17407
17136
1929
10289
19546
1812
13714
16473
1915
9685
16695
17846
10670
9011
6857
247
16797
17687
8292
9026
8421
6
6347
15993
1464
11668
11489
11597
4262
8603
3797
11885
18424
3571
11387
17086
6377
1443
18536
17571
586
19498
16802
15818
10948
17625
7595
4845
6294
8261
1377
14346
1636
5020
16190
14024
5212
18542
13295
16899
16158
2868
180
18651
7046
3385
14105
7997
17414
19190
1458
7814
14125
19009
10440
4000
6593
2424
5685
16691
2990
8007
3852
2492
508
6454
8916
13256
17907
17786
9846
14430
7035
10255
12133
18268
16289
18215
8777
3610
13550
12462
9055
7203
4022
2136
4395
19394
6847
10796
11518
9455
19168
18502
3098
5290
9819
16871
9338
8726
16045
19923
2729
10641
5247
5876
13826
19794
13036
13369
14836
6066
14432
19427
14675
12373
5380
9978
7127
5109
16374
7363
12117
5713
1609
18489
18221
9449
10625
8549
17818
11337
19588
8295
6897
5670
13054
17984
478
17723
19143
214
19377
11434
10083
14921
9936
11235
16109
11084
1502
16454
14687
13822
966
16485
524
15470
2212
13598
13221
13071
8217
3351
18105
1265
6436
12205
13446
17340
19801
8321
15532
18062
16699
4429
6411
2720
940
10065
18609
14332
5769
6716
5346
13011
10719
16772
17602
12412
19898
7071
3157
7279
19013
11145
8377
19821
8396
12164
11975
7824
17555
14249
3106
7315
15882
4150
11394
4030
1880
13060
14610
5880
5919
19133
12335
6845
8418
12299
3041
14682
10893
15463
8186
9114
4310
9578
3550
15676
13430
4708
17778
7178
6928
17416
9911
2414
3563
1182
9772
16983
14496
19792
5598
6407
4962
16951
10153
17990
2474
2646
3684
19949
11321
2132
2850
3120
13638
17099
10448
2638
8526
15107
18920
5507
1711
12664
17195
15893
16328
17778
10103
1170
16142
19464
5210
1552
18983
4606
10362
6117
14861
17972
5938
1544
7797
14958
19813
9396
3989
7759
3700
12956
9234
14550
1279
15023
15560
17292
16110
995
16335
10371
2617
2227
11986
18484
5185
3827
17531
7885
2495
14715
371
898
740
13039
13946
19523
17594
5647
1845
13040
92
13004
14780
4945
15608
17112
18268
18550
5587
16708
2652
3101
4035
3803
17107
17591
7146
1728
6112
3632
6794
19439
5064
18832
19687
18315
19810
13022
5092
8829
13963
13545
311
2771
15402
10534
6016
18490
4205
3343
18518
15430
19484
17320
3486
18149
5846
8505
13435
9592
17808
449
4281
4804
10181
8537
15602
3660
3138
304
2746
11377
1353
11620
6309
19128
8198
19851
4957
15317
12783
8966
3103
9399
4877
9751
19542
17300
16368
5172
5891
6336
12233
1041
8737
11604
2705
19542
14647
6339
1594
15104
16157
15965
492
18074
13073
1029
13867
3471
665
8675
13163
5627
666
8178
13475
17195
3130
15653
15323
3953
1329
12472
3753
16980
19397
19294
15311
10192
1373
6623
4266
13331
18557
12061
3903
8171
5517
18623
19321
10288
5569
18744
14750
2448
19247
18684
11048
19092
55
7018
19974
10143
19965
6658
13473
15760
19038
12998
11833
12254
10137
7506
9756
19109
659
1314
10770
6347
4401
17844
8685
11278
1064
14939
11106
14912
64
10509
5399
7645
3502
19630
1902
4107
2784
3872
12203
2742
4145
5397
4141
10613
666
18369
2338
6234
14313
5566
13401
15659
12471
4444
1860
10493
16223
14503
4270
15725
14616
15304
5749
6890
11385
17705
6315
8823
4736
2751
9793
2625
16327
9669
2646
16033
18794
3730
12679
3300
11199
2516
5802
17043
15120
16232
4812
8849
4058
3675
3689
12226
15007
7561
7321
2956
14686
3010
515
13160
2783
11684
8129
15894
18891
17305
3665
5538
16623
4073
8109
7340
3028
11644
18699
3926
10216
7030
15479
8063
16019
16594
8054
171
10078
13877
18097
12301
11561
5668
10841
8740
17604
18995
19766
10503
8712
6802
5411
1079
1979
10377
3525
4100
19625
8194
3916
19474
12340
10751
17237
13467
3477
9789
18202
19939
19313
434
10125
7628
19033
6304
19769
18288
1249
16047
5033
18624
3051
635
18990
9968
15146
5667
13050
12586
11407
11135
12720
8954
13266
19734
5494
17708
9320
16268
18202
16212
18143
8322
6917
4417
19448
9842
17620
12526
10615
2345
11168
8428
10003
1379
15498
11946
213
11075
2819
5541
7627
15407
2340
17201
12837
18818
2647
6139
10244
9725
6593
10186
394
6715
5126
6465
816
14009
18187
15334
18160
6528
16509
17401
6719
8883
1758
5530
7236
3739
2
17330
5691
11640
7535
7934
19578
9487
17853
933
11897
18491
550
1618
11877
7058
17794
2770
1198
9482
11027
11861
18450
10401
18162
4111
17751
1453
17455
2997
9266
17971
2323
11951
9035
2018
8733
10432
16752
7485
13328
15459
19129
7722
13564
10765
8623
14898
4920
3229
11601
3765
3715
15756
3697
11724
15226
12251
7758
5496
8672
6084
17587
3518
586
9756
12292
14779
284
4264
11275
1014
15971
5926
14399
2950
2688
12428
6152
10966
3086
3813
2928
15585
692
12449
8104
14490
7941
8736
19365
19997
12033
7893
8742
15725
12982
19794
2176
11361
3377
575
13712
11799
2228
5332
14314
12040
7067
6651
9857
3867
5901
13516
11124
312
13232
6100
16317
11161
10540
9198
9911
7910
19104
17751
17685
16479
3148
5707
5176
12773
3322
160
15270
17049
16774
3398
2155
18958
14245
12173
8976
55
19693
10288
7512
8049
1236
15622
19263
15059
10434
18124
15783
2833
8187
13529
16203
2533
4467
2318
13591
19003
14021
16140
1796
3656
14586
19809
15221
4498
18650
14040
13069
12245
4827
5962
579
12259
14313
4946
409
10681
18678
3623
2682
7875
8689
5559
8425
17691
15697
6545
1973
11540
16057
166
15290
18132
12180
11550
12554
15863
10614
16121
19631
16316
18435
671
16028
12388
18711
12663
13621
14842
7017
1878
16966
16163
2535
2087
11330
561
4326
8018
14565
12779
11918
15995
536
14694
10040
17388
13081
5252
6367
2533
12120
18888
11272
6143
14311
9914
19630
17405
9873
6733
15426
19149
15837
629
16783
6710
9079
7122
4718
5647
8277
3105
17818
3849
3811
13624
4466
5709
3362
4737
16682
19709
18026
14349
7945
1519
13666
4940
19981
13271
11042
10410
18389
7370
19977
15770
15565
8469
1301
19098
8430
2741
13209
4442
10448
6690
3909
19800
17235
9667
18769
12281
7146
8455
18100
10517
3409
3962
19386
14715
5717
13949
6925
4772
2225
17784
9754
14703
12177
15731
13861
16274
15875
971
11483
1012
990
14612
5636
11744
4274
13267
2470
7697
1529
5370
16809
10361
9020
17093
12843
14537
9761
10452
13101
9328
19395
9961
8227
2213
7971
8222
17406
9814
5961
5279
9912
12831
6944
8358
3942
11640
16646
7384
1464
11372
14065
14308
19167
15903
8870
2236
1378
18532
9221
10330
17839
13608
5503
10796
6037
6577
5039
7401
14490
13695
9626
16506
11378
18581
11794
12679
6795
846
5616
10808
19882
18547
3799
7230
2525
7754
14205
17691
10836
7924
3388
5209
11727
18631
816
15714
16291
17892
17110
17741
13492
7473
15255
5513
1739
15254
6245
5579
788
19807
7334
18228
4744
15556
14926
19564
15459
14132
2124
12891
8217
17183
6306
14715
4723
6798
17064
5773
252
7193
8038
7537
12209
124
5300
13625
13817
3128
10244
6417
2477
3145
1821
8619
13685
16671
18315
13877
17561
19708
495
13202
1900
11063
2680
14638
7005
2660
8897
11538
8921
19212
4672
2250
13444
8417
154
18434
16207
11627
9006
16262
19479
2119
921
223
6981
19469
13785
15776
18628
9295
3752
4049
5435
12658
16659
7539
11247
2289
3198
10311
8138
1497
14965
18611
18184
5700
10951
6578
5602
10054
8212
2991
6610
19400
15329
18207
11307
15234
12095
7898
8671
13272
3329
1943
14790
10002
13005
18123
6119
19144
1892
15889
14447
1887
10458
6028
18739
2645
3350
5286
8279
16761
8192
13280
19214
6912
8530
18828
9072
3801
19765
336
15586
6001
9651
5323
2320
12927
4396
2701
4362
11037
706
16307
13124
2833
4506
11484
13564
15094
14621
6603
7416
6729
17296
600
17798
6870
11432
18749
16511
1725
4830
1309
18642
15868
17225
6765
18227
11359
6061
17705
1906
1432
17684
12978
18841
7314
14390
8444
4534
4277
14746
16938
8663
17548
10814
11049
4691
19439
9335
15878
710
14858
15795
5842
11252
7415
181
19115
19136
5455
13021
17343
13852
11218
9605
3444
8105
3482
18755
17954
4556
12877
1468
8291
18722
1741
8359
9223
2544
15261
16087
5601
13106
6717
12729
13225
13603
1419
13994
9577
19813
13897
15020
16522
2628
2273
908
2065
11152
5341
6382
7332
18283
18323
16272
14322
5803
4123
18635
9835
2013
5444
9981
18749
12594
8785
13818
1112
16847
6681
18682
14193
789
4266
1277
4719
15373
4901
18764
18044
9259
7353
12951
18450
12983
17753
16052
16185
17879
19561
9167
19451
16690
9843
7520
18091
11769
16748
9130
15662
6860
5110
4606
6294
2263
2050
4074
14306
14257
9605
17643
9266
411
13394
232
10483
273
18407
9104
15526
18089
18057
16424
2723
14116
14836
5796
7658
16501
16226
1854
8064
16908
8455
5698
12278
10453
6818
7191
3826
8074
7783
17634
3362
15618
12751
11464
15020
19079
15864
18074
19830
2976
8829
3584
19312
19998
1005
17498
757
14309
19098
6799
5913
16840
11078
6553
8997
7843
466
10281
8862
9412
5844
8513
7079
16815
8679
10641
14524
7391
1071
7015
12916
14480
11463
8111
5718
19820
2338
16588
4854
6223
13464
17881
10556
15519
19202
302
16866
1073
19469
5116
3476
1118
6927
1359
3184
16200
95
17010
4260
3172
1632
17490
1144
12824
4878
1766
17179
12661
13403
8295
8643
5881
11380
12053
4392
2107
10806
2618
14592
4273
17969
13183
9518
17819
15159
12300
8939
14643
14623
17500
12149
13282
11309
9172
4548
15345
9495
16710
16669
12978
7109
678
17664
9450
12155
13287
14958
2193
7504
1595
15474
2115
11174
16498
17943
13388
19414
18480
14926
9474
13565
11060
4616
711
6982
5684
718
9691
16930
16793
7522
1947
18986
13718
10449
10834
19283
13387
5488
15189
5128
12551
17499
5554
8209
3070
8120
14950
9115
9368
14990
10227
14784
4748
1525
948
1560
7805
7668
14890
1963
10376
14738
8193
4939
5489
14747
2725
15667
3881
2583
2227
8429
8138
13016
4609
3534
13001
1392
4555
5260
11011
14735
19682
9122
4055
16084
11785
6555
12491
7934
14117
13902
11610
5441
14512
19688
18882
7878
13997
11568
14200
13261
10914
14745
6623
19203
17450
9591
19878
11431
10358
4213
7003
178
15492
15839
17562
14399
2405
11486
3876
347
12212
19107
4285
3588
12804
13912
12541
8906
17310
14478
11569
15890
12276
3039
2476
2152
38
19115
19606
12875
19550
3887
17535
2845
7875
8450
6185
7401
19469
1219
18976
2073
2519
18366
11160
19878
7523
11797
2060
6208
7937
5295
17713
18597
6880
18549
44
9361
17168
16474
6547
11769
11732
11132
14039
10478
18334
9711
10336
17452
14096
3041
3049
10653
7074
18134
3398
15231
673
17358
4371
9754
11882
16215
7410
14984
7189
10939
12885
9922
6481
6172
14894
19991
18514
14916
16806
17160
12699
5836
18431
16855
2367
7354
5456
7263
4441
14047
6593
12488
16859
1686
19568
11662
3817
6382
2782
16691
11376
16504
8010
18186
5969
161
12906
10889
18847
7405
18070
9863
15021
1897
1591
11779
1748
13453
17726
5478
8548
12730
15338
57
10251
9743
508
5613
16150
5202
423
7946
3888
16678
7172
7315
3145
16888
15693
8404
3926
9509
19493
13749
19230
13111
7785
16525
11832
15640
13621
3656
10460
8676
9312
8469
3610
9620
4113
14326
11091
8883
9883
193
6001
5258
1714
19061
19267
18650
7521
4290
14467
14781
10867
4412
19743
18025
1146
4839
5754
2802
8002
3983
7285
12483
12795
5511
15775
11974
834
10758
15243
11614
9377
742
9563
10338
16920
5114
4426
11250
17795
3720
4839
13615
4771
6134
7463
5298
7561
17730
5564
15526
14918
14878
5432
7571
13857
16808
4813
11506
2975
16745
1461
17187
5093
12705
17285
7485
7672
7316
10299
19761
5614
17686
17355
11357
6447
17834
7115
5839
16865
12216
15154
14070
4716
1600
19047
17585
9414
9161
492
10800
9574
5307
7252
11205
5870
7369
11882
15524
9505
185
10715
15147
15205
6068
8322
11257
15221
7082
12427
19917
12652
8666
16097
7417
12321
10594
16118
14508
19140
1900
1442
16549
19380
18083
12080
7037
13719
6252
1477
2938
17901
8768
14207
12484
18533
1303
2297
18139
8136
7150
9199
15390
8787
17153
19406
3593
13082
2443
5583
14514
2226
6622
6598
11823
8622
10159
13189
9604
1281
3220
17978
11294
4029
5790
2551
7726
6444
19870
3646
5984
14296
5145
8367
15344
18299
3817
16554
16410
18153
4745
11761
16933
4734
19537
2052
5606
6108
13372
1801
18817
10935
11196
11480
2484
16547
13430
11516
6721
5326
12921
11494
897
8013
11974
17218
3636
15429
19207
15286
7094
754
6686
17943
12384
16886
133
10554
6097
13289
3779
2161
12976
5562
18891
7153
19856
14514
1567
16567
19661
5542
8666
1984
17697
153
3283
5106
12834
4105
17484
16740
14271
4402
1344
14536
3299
4527
17927
11350
13014
511
7746
6808
16214
12002
16935
9801
15247
3286
14461
19467
17393
6898
15717
17080
1534
12954
8006
7083
19263
12262
18892
9456
19269
15701
9579
10905
11368
15091
14062
7318
11733
5802
6734
14544
4181
7586
2662
9057
8135
4453
14130
8355
17210
2396
1098
4102
18320
3452
9224
10953
4532
14995
18489
16611
2760
16744
8735
1364
9043
19524
13177
7123
10119
16405
15875
17977
8120
3522
2340
16645
8097
675
16929
2080
9977
18691
18530
7871
14846
838
689
16247
11591
11717
4923
1854
10784
12457
7957
19673
6704
2708
5883
16132
16824
9263
12064
18330
3080
12118
16255
19765
5154
14930
11828
7686
5485
12566
149
16837
6363
15541
4727
19790
2794
17919
1322
16946
14218
18891
13728
7741
1416
3656
7327
17606
15063
9550
5725
2981
14894
11916
5368
3294
13675
10857
3504
8762
10538
3463
1814
13461
12068
14332
16069
9196
267
7524
7508
2044
16705
11706
19208
241
767
5852
1931
14917
18164
12717
4485
19095
2460
8339
7826
8026
11709
17949
19806
10962
17942
9265
8012
13869
9028
7689
1055
108
5994
2977
9354
4759
11380
2620
7402
2963
3617
13105
5645
6876
17053
7212
1417
6922
7591
13873
14537
18191
3706
10903
16982
6185
19285
2989
2514
16325
2059
18179
14087
16562
12500
14859
7968
10094
6709
3800
18322
16935
6965
19180
12848
17311
10129
11941
5753
8242
10993
7801
3164
19324
14968
1196
14691
17724
8164
12876
5460
15892
7657
4649
8969
19963
14327
13802
12447
1307
10821
7092
8792
11123
14016
4847
19635
7182
15553
11804
1241
4490
19363
12657
8570
15266
6043
12762
2033
12382
3001
2086
13772
11229
16868
16152
14055
5351
18307
10713
10698
4870
16811
14971
14672
2650
11291
11409
18022
1242
6735
3722
6813
16279
8047
17674
19944
15648
1068
10300
5572
844
14179
14284
19546
18076
9517
13270
5174
1917
2083
9073
10848
7423
8532
2763
410
12379
7042
14035
15453
18423
12021
13233
3361
6438
19895
3980
8420
12313
6569
16441
6163
7087
4860
10177
17152
17786
15797
2985
12073
7572
12038
12580
18983
8417
17545
10347
8970
4645
11240
804
3373
16907
10243
13478
3895
4788
18057
6611
14019
14138
5847
11367
8234
13348
3580
15161
10748
3152
17482
12085
17588
13107
573
6765
16168
16438
11135
606
1997
12901
19990
5214
6142
4238
19758
4872
16398
4283
14557
9172
1984
15625
5781
8031
113
4455
3688
18002
303
18156
10141
5268
7897
400
16267
1680
15595
7214
4716
17296
14347
1208
19704
5737
2493
6292
12662
3546
6547
15617
11598
19940
6197
15166
2769
19917
1838
14120
16883
5927
10674
12116
9040
19173
14253
12404
17604
982
15764
13753
8619
4958
11865
2471
14816
4668
10462
17562
18818
19554
14706
13672
3469
893
761
13456
11019
4698
3431
4409
10365
11840
17497
7682
1226
13784
16354
10520
4916
14852
1519
14646
14293
13900
12500
12742
14384
13588
4448
17878
3661
18882
8369
7480
12649
11095
14484
6103
1633
17513
7141
7396
15807
19963
17558
8585
13097
8782
8512
19851
2706
16612
14572
5579
6486
456
8702
5395
14363
17645
19735
4129
9139
70
7163
306
9190
4590
18211
113
3773
2580
76
16330
16979
13129
2042
6351
17881
15292
10146
15489
7281
18876
13344
17472
19064
17332
5989
19669
16550
4269
1469
8319
17412
7973
10945
19730
11546
15119
8666
14053
18589
5102
7632
12100
6660
11337
17603
17868
15231
3624
5510
19058
11689
5142
836
16739
19514
16985
4159
5738
15185
2385
4134
13313
3992
5743
2661
7707
7717
10739
2779
1444
5964
3581
10479
5166
4752
629
18460
1697
764
8359
861
17959
12146
12429
15142
1182
2354
8641
1884
17809
16431
5101
18911
16101
6140
13359
11313
3850
951
1293
10789
3051
7194
6288
8726
12064
2020
13017
18754
2435
5163
7836
5494
3237
13799
16640
18478
16567
9380
9441
8332
7261
16114
3606
2944
17828
25
5570
478
14013
10382
19606
1550
13507
17580
18686
12013
8439
10503
12450
17494
6972
7263
19816
4365
5354
15787
7142
15121
18478
146
1184
4170
9972
18233
2484
14574
8157
16748
816
18031
18623
5509
2898
2980
2308
3949
4517
15232
9994
17029
17401
19307
2794
10930
10493
6766
11875
12629
8879
1577
15607
19003
10829
8163
10662
8426
19989
3955
5116
6908
3203
15645
18359
228
9824
18768
19008
4961
12641
10462
8364
15163
18132
11188
35
5706
14884
19265
5077
2999
9979
18168
14896
67
10606
18878
1324
3222
5377
19688
9621
9637
11906
19053
1678
1055
6876
15492
13206
14032
6918
17151
4068
18705
11737
7631
2032
548
15595
2279
5806
16239
9210
5078
18355
489
2497
321
11799
12769
4647
15548
2064
15085
9004
13971
15116
5691
9090
12738
2104
7032
2424
12945
7397
19408
17738
4679
15147
3953
1109
1960
19119
554
13560
2081
13880
16185
4275
7387
6312
9553
2773
1244
5095
7627
3684
7358
9367
16148
12746
3369
5400
7361
866
5375
2011
7712
13324
10684
19845
12874
17552
17946
5429
17748
12251
11338
18834
5392
10892
15185
2066
10348
3452
15728
4645
2359
5611
15374
4684
16109
7815
5762
3014
18509
16109
18853
9069
12085
3316
7413
6962
15931
8250
15016
8227
14360
8865
9381
8089
15273
2910
17280
14997
1318
1887
6192
5812
713
1476
12094
153
19339
7713
5786
8417
2157
12675
5683
6815
3457
19098
8308
16535
7773
14371
11056
18216
17306
18063
17399
395
18409
15120
11922
10200
16818
19828
13973
17203
16772
18812
12992
5448
144
13753
9974
6169
3069
17948
5041
16397
381
2337
5823
19585
12026
9207
10131
18846
11
2614
12245
5203
719
7313
18638
19813
117
4390
3301
1008
7271
19216
12082
19440
4516
8231
3914
1990
7493
3118
12508
18732
2513
1925
11970
3409
14738
8110
14864
12060
3773
17154
4701
10198
4225
6499
9698
10506
18757
15791
5897
7899
17700
7830
601
10813
18617
2032
12389
5367
15429
3885
9213
1216
16044
12474
12549
27
19273
12001
8117
11216
3696
2761
3379
18571
15136
8609
9029
16335
18067
7536
17719
8567
16108
18398
7662
17520
4724
13453
19814
5984
9315
13047
19251
11032
8851
9842
13792
10808
9585
18600
6278
8594
8669
6059
2079
19535
7234
1074
8274
846
8300
3044
5982
9953
1941
9657
2121
4422
14153
7839
490
13677
9216
4940
17262
12817
16169
10905
14622
10781
692
18172
2218
3614
12162
19365
7750
7470
13148
15116
5821
10937
15940
8984
9382
10320
18247
13690
16862
13454
14548
2739
2781
6940
1312
14706
8693
11373
2488
8125
10426
4417
9408
11212
11300
19967
13582
16689
8829
887
1622
17452
11847
15026
6633
15050
1432
18367
8329
3931
14454
18759
17834
3852
19373
2598
4427
4539
8765
19858
638
7013
15798
10375
5928
7475
1801
6381
9351
16162
13456
8424
15213
293
10420
12279
18289
12633
10398
9769
14759
18768
15395
4420
19456
18414
1578
14329
16346
16409
18171
1998
2242
3821
18216
6505
7052
10152
1025
3441
11407
8778
17583
13187
10689
12685
8962
16127
14520
1238
13376
2464
19666
5550
3612
12539
7284
3160
19969
4588
16615
526
6660
18380
12525
17676
12675
3910
12135
15431
10467
11291
10148
2965
7818
17152
2009
4235
16642
11108
15603
19894
11661
18387
7190
8410
15355
18123
17868
15927
19365
15559
12138
16913
5475
5386
16722
3958
10233
4313
8431
5753
4906
1914
14854
15353
2195
1268
608
13580
432
11783
14377
17753
7121
2640
14420
15260
4946
12429
8538
19431
3457
14617
6405
15468
10066
15754
9149
9267
18058
11887
4414
17278
17163
3972
2189
7577
2801
17769
17747
14942
327
8962
15572
14669
7901
420
8076
12781
1063
1784
7064
7532
9967
14515
10621
12161
18335
3228
923
9367
17796
17857
13983
12636
9271
14845
8643
14207
16330
15640
4148
5838
4498
16562
10173
1680
5615
15092
5979
16175
14371
15080
13368
19468
14882
16304
15337
7908
8215
19989
5294
8659
12301
10424
626
1394
12405
7811
10741
6600
14094
1761
10861
14485
13684
13575
8024
7141
10589
6797
9632
16848
1115
3827
14971
14119
715
11799
15183
6040
5779
15312
10859
7692
6656
4816
16583
17726
11284
3681
15516
18472
12238
9341
4153
19621
13218
12759
9130
1402
14365
7960
18383
4361
7611
15539
7790
4365
5557
12376
3700
15423
11184
2613
11788
14975
3406
1568
4327
17388
15688
9816
15380
9201
263
13783
5046
17142
13798
13981
13731
8550
763
6119
3586
2713
766
15775
5905
6085
17742
11600
8908
7962
4167
18747
5508
6994
10952
8770
4441
5694
15001
5227
19809
2275
2300
1256
964
6553
16597
19231
18478
6597
5268
3655
16147
7923
19925
12985
13053
691
17593
13440
12077
11341
2921
17515
10172
4140
1012
12840
17773
7245
17935
16707
791
11669
17456
846
8860
3375
11684
18156
9997
10339
342
14479
10392
17891
19930
8077
449
12125
9260
2888
13276
199
6860
7028
9250
7194
12508
15695
17249
11399
258
4653
12874
6423
2520
5960
4414
4805
13341
7450
14858
5629
7282
1398
6052
19682
17866
10004
15516
16715
11918
14451
10475
10173
13459
14116
8512
4391
14954
4055
14099
13351
697
10745
18697
16700
2057
11185
10322
15789
414
19199
9792
10347
7633
18502
17153
16785
5510
410
19962
10345
14939
15773
16102
11224
259
9149
14421
11234
1108
9715
445
19626
11410
6223
11444
15846
19035
8867
7812
6950
6171
8243
19911
11704
16450
8044
1761
15654
3509
15122
845
12538
18435
8617
8383
11022
3995
5212
1428
15724
10424
17139
7820
16421
14196
12309
15109
2706
7675
15960
16357
2975
10295
9064
9938
9587
9635
6572
16326
9771
7485
2956
2021
9965
16340
3453
7504
4195
8321
4579
7724
13919
18565
13942
13609
15611
16583
625
17906
14251
10417
7476
18261
11062
3008
11843
2713
10398
5289
5561
8463
7966
15056
7142
11131
6446
5770
19703
8314
12890
9695
13704
754
15123
8371
1398
12908
2346
7360
6242
17502
10410
7667
19158
15923
19281
293
4121
8814
6043
17407
11269
14767
5432
2140
18534
18118
1758
13392
1650
19928
5863
18441
119
2272
4660
16837
19872
9492
7653
5900
18703
1905
17634
2852
10373
4630
4501
2591
2284
12614
15487
10368
12755
15038
3659
9543
18041
9551
2503
3599
174
16656
8134
19484
7581
8453
6445
13614
4790
10938
10050
9652
16823
8179
9615
9814
4089
13662
18709
427
17993
12262
17151
1296
9165
2194
17868
15738
6969
9742
10610
1533
5407
1116
12831
15177
4727
310
10136
9469
2929
9957
6298
16058
17526
257
12914
17560
15657
12440
4973
4496
2354
11252
4399
1714
14619
14699
17085
13114
17089
12619
14684
6970
16154
12417
16139
15461
6535
2073
12281
10475
3168
16184
9175
3564
2419
1450
18283
9697
19436
12254
10918
12979
19748
7880
14287
8884
12069
4412
4290
6140
10738
2933
1423
12407
946
2376
19516
14817
6086
5492
6925
17608
12682
14292
1500
9726
17636
533
13107
8332
3923
10116
19386
11374
12621
11357
14081
14626
11654
15956
1390
1683
7316
11686
2683
6288
1736
1687
7845
9539
7119
16407
3625
20000
11412
18637
18877
13697
10725
10573
8971
3954
18553
8983
3601
10503
3607
1261
1985
12203
4817
11749
17794
13169
8965
5456
5344
302
19826
6785
17238
11426
8811
1801
16143
17149
18760
428
17123
9046
19826
11728
4673
13241
8593
5386
354
2186
12494
15039
2076
77
12623
2028
1143
10056
7209
13049
679
1023
3975
9486
13396
17059
10452
11150
7598
5758
9721
8768
14474
9373
7119
7413
10924
7554
17522
16607
18436
11008
12567
10350
9527
18999
964
9704
657
17395
584
9731
16366
7225
7985
13500
19176
18346
4467
2551
14722
18315
14416
7538
12768
2554
10458
11708
16643
10143
3241
7428
12776
18828
10797
3480
14605
15408
16696
4210
10367
3128
19245
12453
8641
8372
19576
2196
3316
9368
6484
9168
5015
3506
15675
11835
7487
19226
14530
11645
10299
17357
17448
947
5921
16243
8480
6279
16299
19904
4950
10592
14603
11719
10171
15773
11392
12288
4765
9674
6694
2468
18975
11858
2235
4564
6637
283
8664
7715
4357
5688
910
8155
6152
5050
19872
8040
16989
442
18578
15177
7239
5545
19673
19217
2190
10051
15069
6830
5421
9213
13955
1413
13536
10179
9163
5943
15845
16400
5104
4654
5872
1291
9241
14218
11773
13948
2003
6239
7408
12199
3274
4704
509
73
13801
9372
18000
14052
16918
28
1213
11539
5695
8421
7393
9885
12895
1991
2949
7870
8186
3586
19743
5522
10397
9653
15068
470
8825
12399
15614
19999
19378
42
7829
15693
2292
16395
5628
11155
18271
262
12078
15011
17920
10988
6939
10443
8683
16595
15566
18308
2351
11390
16181
16747
5239
6481
160
4646
1328
16530
3790
19396
6538
6595
47
11825
7498
17284
8606
7615
19558
15353
5778
17588
19743
14830
14611
18568
14490
6716
13100
5900
13366
12874
5212
1311
9644
11241
6629
19603
16320
10255
1388
15053
16334
7101
11824
701
12365
780
3827
15131
19273
1602
4580
17829
1525
12167
7663
468
1532
13762
17600
3666
2156
5494
1354
17778
19489
14822
15452
15106
3343
7031
6940
5239
18038
19056
1982
18125
4942
4760
10311
11075
17557
17852
17869
680
17472
16739
9848
6836
14512
9661
6719
7861
6948
8017
14812
2800
15079
15739
7994
924
3213
9169
452
15992
5058
3786
11208
423
1847
3918
13198
8852
15452
12456
17039
3747
14671
14864
6755
18368
1115
39
4645
4421
17945
10459
8075
2161
17658
10514
10280
17773
8502
17764
7657
11937
23
19842
5669
19538
3170
16807
12072
13226
6161
10089
19316
7931
9971
4122
4818
19744
1110
12139
13524
16039
5323
3618
8764
2545
19409
14002
19618
13273
12730
17935
1908
257
10376
8119
11567
8366
18234
18607
14665
9790
7765
6079
16870
17794
2517
15168
13897
9098
7392
10758
17146
7308
11830
17822
5951
2968
1320
1078
18717
15979
13407
10018
14902
10965
1798
17442
15165
14738
3725
9091
10367
11243
4246
290
12031
38
12116
11024
5697
8760
17924
1194
8650
16391
14784
13299
8599
17836
2647
12727
9743
5374
8360
2878
14488
12299
1411
17951
18356
19641
1262
12065
15923
3605
112
9691
10673
6210
10197
5904
4405
4350
12642
997
2710
15324
15483
2053
10080
6332
18304
4852
7815
17019
16498
18632
18535
2925
1640
6428
5318
18495
8078
19385
18629
14258
17072
2143
17492
6534
8427
11819
5802
16016
10419
12670
6583
4301
12834
9789
684
19913
19332
5876
5040
3971
7930
12530
3449
13451
7407
15745
7790
7668
9833
19328
5177
12167
5575
8711
3513
19320
7444
14068
507
4295
16637
11855
3630
10369
11422
19469
16066
4075
13296
5305
14407
792
15280
4554
16072
19749
3100
8679
14809
13664
106
8331
11456
17303
1277
14481
10987
18480
13432
18217
13359
14973
12486
9395
9754
916
4118
2032
19118
7601
1681
932
15005
661
273
15370
15651
10513
3552
16720
17000
5289
15252
9030
17939
5978
11415
550
19834
9740
9084
19567
4611
9421
1893
19437
14180
17889
5739
12074
10074
13857
6830
16454
19535
118
9554
2451
15742
13961
4778
19509
4675
14676
19386
13659
10167
5737
17083
17101
10445
10178
13958
10369
7394
5473
8946
18314
4210
13356
19322
7553
18928
5105
3116
626
18409
19044
15823
18228
141
16782
3310
10712
9949
2392
13818
5924
18227
3987
7126
2643
5291
17134
4962
5719
5403
12347
9190
6889
7737
6315
13487
17441
16535
12890
2526
861
5231
206
4106
15355
108
4861
18328
13400
6511
16897
17162
1728
4656
13225
2763
5414
11744
18272
19618
9395
2219
7011
11568
11973
16729
18155
10347
17555
16040
14894
19360
3894
14120
3055
9201
9901
14812
3718
7368
15615
8553
11095
9114
16006
8714
9385
16433
17469
8163
3962
18529
18585
16895
6255
4870
13641
3584
16383
17355
3292
18891
5805
9446
8127
13811
18341
3773
1807
9886
12060
10187
18081
19692
14655
14584
16536
3827
18507
18639
9101
2453
4475
16429
8251
1678
5390
7629
17469
7295
13723
3377
9874
16452
16484
8040
6363
18392
5180
11764
2880
14415
12978
15592
10927
12544
10046
10945
11239
14359
12363
15909
11819
18456
7353
12293
10748
14762
19546
15163
10903
414
4996
16046
19093
1755
18873
9580
6275
6008
6176
8921
5244
13207
19173
17455
11535
18144
12023
5396
1619
15120
8500
19014
7472
11704
13637
19522
9449
7729
8102
7104
14240
15400
13468
15787
16000
8217
13355
2563
11194
16810
11445
16035
9534
596
19575
15581
13522
9848
2814
18167
17152
2322
18439
7611
14125
18947
7302
9335
1365
661
6772
19118
19830
14529
17498
14407
10472
18081
10891
16845
2
5058
5847
2317
17525
15644
10812
13207
983
15791
8854
10622
15363
8431
8272
4466
2267
14475
16914
9928
14823
9624
5016
19496
17388
17988
15908
3198
15512
17203
16693
7513
6026
7689
16218
2716
18990
16458
13553
19176
2853
4596
3294
10794
11855
12821
19213
19008
6220
3787
12377
14848
18706
19073
11007
14389
14693
17886
2142
13594
7225
443
14688
15678
10896
10613
19992
14609
5800
13518
594
4909
12801
13995
5866
12668
2165
9175
11430
15877
4205
7468
17888
7786
18705
3799
6247
16894
8618
15222
4742
14236
15026
245
4780
7000
3012
14439
3124
1652
5828
8687
2941
18988
3963
12585
17864
16796
11608
11262
2687
18199
4099
10315
11419
6313
320
9714
15038
3205
2427
6064
2502
15051
5435
16320
1528
7788
3968
9641
3720
19792
11036
15925
15751
17084
11919
10007
7720
7061
17877
7508
14766
881
14840
14536
5928
9254
4318
10478
18707
11712
11580
16356
2286
16067
14922
6589
18698
15006
7529
16627
9785
19192
6430
5865
8162
4283
16357
4638
12790
3891
883
14172
10122
11960
19402
9867
15342
6238
17526
10332
5456
6774
13079
19434
2975
11449
7749
13867
18666
15929
12559
18585
4518
2904
14966
11866
16222
13716
8287
922
15729
8996
3216
10250
6243
12001
5943
7760
9286
7641
786
13011
7363
4729
10940
18753
3039
1447
16381
6920
15780
867
19845
85
19733
9961
13559
4807
9707
16138
7983
486
7720
11992
16947
5792
17037
19137
9060
12316
3421
2426
7364
6421
8975
14757
8246
14670
8699
19543
11869
14167
9769
1787
9291
9309
9636
9102
8262
16732
14764
17863
1609
17528
353
11605
19590
7957
18661
5183
11257
14532
16739
4120
19878
17506
12410
6070
16796
11036
15835
17735
2547
7999
18992
12336
12910
11483
10932
18527
2564
15165
18640
14757
13277
12152
17609
4156
12355
11450
4344
3830
9952
13182
10700
9115
5958
3382
16558
272
13015
9175
13222
7036
4162
8726
9795
2645
10178
17427
13131
10958
18319
7385
663
11273
14963
5025
5498
3469
15171
10046
17799
12864
18038
12373
13151
447
16766
19372
11277
17189
3793
4228
15178
10021
7620
16947
17819
1747
12040
2912
7386
18835
12945
5356
304
6949
15546
12622
7264
18963
174
3732
976
7379
2822
10983
4663
7503
1741
16704
19141
17399
2086
19937
16770
11925
12851
5918
5022
2365
3659
238
10903
17111
296
11906
18761
8028
11837
18769
12164
743
15238
15427
4066
12186
13259
16272
6321
12572
18695
4484
13559
16986
13684
8972
16029
16641
2227
13905
70
17915
11440
9797
1389
10600
18419
18203
5329
8460
10156
11944
10540
13386
17845
12880
11798
12810
2939
11066
5349
5974
8690
9766
14846
8587
10558
16442
2376
11045
11278
14318
18187
14977
12601
18589
3330
5729
16742
12893
959
9121
18006
2183
12972
2564
297
1569
1334
11552
18456
7028
15021
5870
11627
13271
15715
8620
12679
2007
917
11538
3112
12950
11845
4936
7776
13107
10613
2345
631
3618
1534
17956
7259
1725
6019
12505
1477
14980
8823
14494
18054
19977
11798
11350
10535
9591
13388
10594
1769
931
2763
13875
9260
7075
12469
1397
9030
2820
2516
2871
7260
17806
5521
7308
16112
10773
15983
16520
13296
4839
16889
17508
552
2781
561
4892
18652
6506
6875
9019
19445
445
2572
12481
10096
3135
1066
6736
18841
15470
19096
6774
60
14734
19557
3117
4726
673
3015
4538
5451
6016
15162
3209
16744
10676
2750
1852
10282
18479
13024
12941
9901
12643
14703
8898
4566
10437
3981
12000
16544
18662
4585
11960
9037
8726
8095
8761
5518
4039
6700
7805
242
7724
11573
3417
11475
16849
15714
17138
2833
1307
9146
907
12649
11631
18508
14583
5162
12789
10670
4385
16989
749
10568
13719
8808
1490
2690
4609
10953
8982
2019
14865
13179
12851
8375
583
7210
14817
6414
4353
7813
16179
19861
4079
8507
10843
18167
7238
3352
16086
7287
9707
653
1891
1036
10236
5690
3272
8569
3630
546
6196
12324
8570
7225
2785
9831
6891
2447
5940
1691
14492
19624
7401
11934
15559
6119
483
1180
7282
14752
18289
3672
14176
11783
2553
17514
15617
10490
4812
10979
12089
6885
810
15646
8516
19098
14401
9192
11104
6764
4863
10750
17491
9711
5608
8079
7247
2472
7399
2607
10329
9946
9214
8777
5540
3185
18180
9281
14385
11821
14686
17225
8868
10098
6932
91
16084
884
9414
13873
16602
11947
3377
12808
9138
6870
15113
16640
10091
15964
4597
4853
6937
15492
3997
6203
2608
17107
6496
14584
11334
13290
5444
10833
8705
14255
3384
5769
96
16837
7633
7935
10778
4352
12538
13882
19566
12816
1313
4009
7903
6869
1934
17096
18883
2184
9385
4223
1770
19542
18242
10901
12224
7263
3450
2461
14824
10561
9341
3697
8526
19335
15253
19947
3525
15475
4631
12740
3604
16792
10497
14361
14582
3370
16045
14535
11047
16608
7810
9479
16770
15174
16755
8486
13097
5126
10254
11366
352
17804
13784
1623
11056
2917
2745
7933
12665
6331
9625
10107
12358
19549
12835
250
13422
3812
19173
19058
7219
15040
15773
944
15555
9071
7310
3342
6536
3124
6470
16223
3258
3687
1042
16014
9874
2796
10540
2809
1851
9676
12120
11225
7626
1840
8726
2198
6220
8774
16772
2464
10197
19167
17242
14896
7483
11039
19198
364
17078
490
17303
10482
2317
14810
19458
1542
6485
15669
12907
2984
15030
1377
3111
5966
4718
10228
2936
7191
6561
13691
4863
10652
2500
5555
15819
12424
4133
15490
3925
13001
15164
16105
12231
19214
1942
15904
14637
2263
13644
10068
561
15192
1072
4332
10599
3527
6308
16252
6889
18679
741
19597
2582
19341
12654
1873
14024
8438
12043
3529
13285
8225
11989
5980
605
16368
13128
9191
15486
4712
2132
19577
2304
8308
9261
18978
12695
7134
11366
11984
11548
2885
8336
3605
567
7192
18048
11090
9788
11589
16254
17668
3443
7447
1099
13947
6022
853
9619
3209
3945
14803
8037
16078
17898
15504
6102
8482
5885
12519
3288
17150
6223
8937
19064
9273
2749
4701
13013
16120
12415
11720
10366
4915
19879
10702
15952
8731
11496
15624
13638
4696
19749
714
3254
8124
12178
8824
11155
15082
3738
19350
9900
10177
16436
11130
16996
1486
5823
11263
14712
12672
15410
14862
16216
1853
11695
494
6986
3444
8863
12056
13177
15216
7181
5609
14915
3972
7529
1687
18252
4249
7349
6582
19918
11114
8390
9526
12969
13758
18680
16401
10634
17245
9566
10156
11785
17730
4901
2158
16115
6616
17015
18701
10800
761
9112
10964
14274
691
12997
4243
771
13167
14619
7621
16842
16587
1404
13359
3552
17531
16325
2563
6960
6927
8465
11056
10384
3218
17674
12339
8098
15138
15960
4416
6002
19317
5382
3067
16139
7842
3622
4554
12848
7633
992
4207
11307
12409
18440
18855
13136
13923
10582
13501
1134
11079
11335
15915
1765
2441
5982
3625
16057
18760
9321
7537
13672
11445
2609
1138
2894
18985
14202
1374
983
2843
2481
5795
15916
10824
8211
11930
2470
10394
128
19308
8451
5511
9336
19219
14802
18234
19218
12963
4658
16300
11358
10058
1521
12132
12545
19607
16202
14910
14674
3804
1148
5202
15521
2981
17927
5824
12403
19199
5087
11952
3493
6604
4268
10748
18356
12777
1893
4440
18176
12989
11676
18447
6462
6937
12295
16625
13126
6112
14035
18030
14250
10249
13469
19154
5470
19175
9381
18662
15562
17788
14599
4453
17490
11557
19653
2642
14076
583
15276
6121
18284
18451
19989
1110
11946
11578
489
7088
13700
11878
3588
10503
2265
10609
9083
5377
1674
19130
4804
6568
5511
2946
15134
6318
2753
19704
11432
19547
7579
2690
14869
14774
6640
14556
17602
13626
19935
5067
10696
17701
7385
2268
13203
3582
3522
1801
567
13730
15252
923
9984
10266
19578
13055
10544
11106
2223
8711
11469
1939
16898
1677
5006
2038
17325
4954
5604
1284
17137
12871
10075
13713
12836
16198
6372
4596
2122
10282
15627
14136
9840
19764
702
16235
12722
8675
2235
11386
5557
5975
8730
15995
3460
8552
15218
17123
17474
9320
7067
13619
7680
13255
13292
9497
15753
2355
7263
17614
4937
15071
12381
15509
1605
9772
16327
4899
19505
9744
6553
17749
14978
15030
4123
2439
11197
7457
17778
10892
4653
3340
3405
8948
6864
11395
10275
14820
6934
18858
12118
300
1738
12627
16031
15004
7621
18979
10503
7450
1422
411
4201
2938
1178
9064
7665
11194
3118
8858
592
16365
5779
5204
13428
3441
19877
19995
310
19353
4063
6505
7972
12565
1064
18637
1938
13826
12319
577
10385
9362
5541
5261
8556
14337
6686
5058
16730
8272
6047
4091
19001
16759
11929
17583
18712
13986
17854
4723
19124
15300
6263
2622
4385
17994
11351
14988
15729
8062
12299
9238
4110
3391
9217
7786
2820
12576
12849
13897
3004
10783
17502
19810
18471
5588
14603
268
8735
13207
305
15195
5750
16767
41
411
4783
317
9287
10233
11253
16217
6587
14902
2281
13473
8184
400
8194
13313
10705
3280
17768
15501
12659
8355
18334
1648
6925
16878
14310
4844
13706
16714
3074
10981
17199
1625
10043
5125
6053
17298
7967
6012
7902
6805
6671
11666
12040
19873
621
10900
13052
7749
5918
15914
3800
13923
18239
9432
10240
15465
776
19540
16664
11368
10606
12761
1847
11352
3967
11992
10696
16572
14075
10956
18408
8800
7340
1762
11219
11931
4336
3038
7562
19414
19502
15569
13369
18401
18920
13362
15646
5010
6878
14051
319
10841
4872
11074
2144
4598
2336
2552
8071
14649
13348
19758
3870
19354
7885
15076
9470
19159
13983
14214
8207
14195
18680
17992
5822
11665
3723
6252
18375
13572
5665
10074
7855
5308
7535
18306
15075
5947
17865
17569
6069
10380
6220
7827
14308
6748
14039
754
11857
13499
11160
19280
1179
4237
16034
18874
10602
17057
12410
16373
1563
15070
7955
19438
5722
19102
12669
9696
9421
8078
12893
5953
18486
4030
4369
11842
6768
15788
15660
8080
12332
1973
19474
18193
6943
8031
4461
15122
12260
18917
12939
13406
17369
8882
18223
16152
176
2198
12104
7952
6771
6638
9072
19243
7857
5633
7912
1658
19928
15061
3781
16395
5673
12900
13463
6718
9021
8191
14297
5669
5194
8248
7568
14577
18388
653
7389
5410
17891
14452
2313
6966
1499
8789
9183
16432
5352
10146
3755
8078
10053
17784
11785
13912
6216
13147
16188
17341
14410
15821
6802
2625
9299
15194
6232
648
14102
2186
18153
8463
18557
18767
14398
104
13389
5490
16131
638
669
10904
639
11210
10545
13228
252
9775
14757
12026
15852
13090
7403
18476
1531
11210
13965
19272
12978
16397
15985
18856
12751
2657
4233
5623
17494
7952
19932
4003
19471
1847
11185
16426
10538
14557
12727
17647
7197
11665
19333
2948
15772
6134
9453
5292
7194
19963
13579
18365
8094
11108
1890
15789
6274
18702
11867
5737
16449
5535
15778
12987
9102
7900
4035
17589
18088
9745
18792
19065
2521
10249
16405
17213
8784
17840
11794
715
6422
978
19850
6372
4034
3788
19978
15041
9763
7323
6075
13653
8822
12968
6767
3235
5943
18484
6519
13022
13250
17709
19114
3388
3850
18471
5379
15090
11463
949
3775
617
15986
1788
4758
7152
11013
2421
14679
2553
5641
15584
12464
19516
14994
9069
15014
5860
4081
7336
11891
19766
10670
3832
6229
1536
7268
1483
15448
10994
4899
11591
16368
19852
10526
1179
17645
10161
7279
19714
10912
4142
3211
17364
2318
16421
8476
8972
15200
13055
13012
12352
14745
1890
19689
11793
3664
17784
8080
3415
15733
3656
6289
15638
19078
6298
13446
11747
18084
9234
16935
6122
2374
19124
6260
3934
11541
14611
1423
16841
6007
14062
10951
1350
5098
8958
9094
2533
4227
1600
17256
5727
5843
1161
3884
4259
9524
16130
16938
17399
16708
2076
1499
17014
17838
10265
19438
7856
19705
13584
5665
2102
4714
3469
19036
3175
2629
3821
4420
5155
18268
7404
9965
11037
1940
8440
5812
6902
13421
19793
9521
16079
3669
1055
16058
11527
15225
3155
10434
12205
8781
18348
5
9460
13657
16973
7132
8145
1946
10892
15833
16158
2021
15051
17510
9080
15211
979
4157
7729
12449
5269
3132
6148
19513
3591
14482
12612
2190
7151
7402
5530
15388
15557
1842
3371
3899
15842
2568
10017
9895
3602
19125
10110
12029
19412
5519
17648
11076
7418
292
17389
5482
7256
2222
2418
435
486
12278
7731
9190
14593
16487
6128
3144
15555
39
4036
1027
16985
2986
2536
5715
13737
8529
18801
6499
18769
1394
17936
13796
13398
19027
13661
4708
11811
1027
12881
19603
16915
7504
16349
10960
99
6705
2866
13362
2059
4566
1667
19673
3359
16378
15893
9644
18782
8233
19909
8213
6403
18620
15583
722
11932
18477
413
16021
19264
6876
18959
7766
6524
6197
9077
3380
9905
8678
3963
19506
8184
7960
10475
19116
4336
11637
18409
17270
18636
4979
12967
18648
13285
9602
18310
13943
18672
3989
11514
18007
13128
146
13249
10550
3349
1852
18997
16338
7955
4442
6742
12229
12834
7338
11586
6587
5886
7317
5649
3812
17323
11694
2610
6352
2741
18232
14988
8139
17771
9007
16147
18440
11050
16395
11704
1698
5160
1423
12733
5815
10759
10258
9098
16437
361
12689
2415
11775
6189
17317
1811
9096
15967
14732
8471
17526
17422
5892
18568
10935
17136
15419
19844
970
9638
6827
13587
10049
6844
17894
17727
1061
1973
5768
17565
8819
13139
20
6732
15476
8156
5024
907
3822
2785
7956
10066
14211
9238
19512
2798
16017
18353
10643
6885
6387
15568
16209
11853
17058
11469
7608
6650
10560
19935
9948
1604
18949
7924
584
7135
5681
7306
10562
16425
12716
8996
6745
15387
11859
3547
18378
12614
10643
13002
5361
1989
2935
7170
17202
16390
15638
12648
1042
14050
5167
782
19601
11916
7697
1761
16517
4361
8748
18745
13879
17821
19388
17413
14441
11931
506
5779
16416
5124
13104
10410
19092
4505
15966
19257
4521
17636
6792
12160
19880
7400
1760
18600
12843
8845
17430
19847
6308
13550
9358
17292
2283
5893
585
5536
18519
6154
6107
16413
13703
7450
2133
6954
4240
2473
3610
16485
16238
4642
11531
1299
4487
2791
19514
3542
19125
8062
78
13696
5537
18432
13194
11074
7111
17547
4841
11409
5040
1799
15814
3318
3553
16034
1072
12736
14366
15417
6781
3395
19099
6620
7802
15455
6196
12950
1410
19969
6866
6773
8906
19565
12200
1461
12471
16500
19527
19972
14194
14781
19950
3955
8747
7017
15492
14856
10051
17164
9806
14837
5129
5325
12902
4703
1683
1993
1019
4053
2127
1596
11866
12610
10909
7826
19616
14745
16058
3263
17959
15829
2169
15759
10966
12698
388
7887
8703
12300
13053
12938
19338
14374
13200
18490
18505
16348
6591
12091
14516
15401
17593
13164
9775
7093
11807
6027
2404
3609
15507
13517
11914
10113
6292
1995
15350
18596
1601
78
781
6955
920
13272
15541
15335
4061
18187
10180
11918
16242
7441
11505
6212
8759
8472
15610
3696
11519
15569
17273
2656
16661
10288
9615
2706
7306
14590
5273
14909
18106
9325
8109
6001
1843
5147
19194
10165
5803
5441
11755
16343
18994
11478
3332
4428
14129
1793
5335
4755
1181
15104
15417
8731
16165
682
10668
15599
14300
15122
5627
18766
5945
19755
3793
18546
15132
19984
13763
14352
15667
19409
1210
15311
1293
5646
6583
943
3486
14197
19835
19041
19211
610
17942
14804
11915
3814
14652
18541
18522
11220
579
16567
17142
8867
7935
10934
14783
3856
12947
14618
15039
6791
12362
10000
279
13309
14818
3528
1800
9398
14160
15351
14639
11259
19990
6025
8167
8467
1391
15584
14903
4207
11602
10955
13354
3600
4281
10513
16023
5654
14480
3874
3050
19826
18037
17486
5278
5238
17616
14552
7355
19960
17605
11916
10209
6046
12614
15275
17929
19395
8881
16419
3840
15175
5175
19389
5720
10544
17820
13282
15416
6329
5252
1827
7604
4586
7170
14185
12074
1327
15056
16206
10118
18578
3105
4703
5192
2520
4458
19267
652
8030
15494
12738
4763
166
8274
19887
14854
2587
18287
8339
18771
15096
18713
1559
12494
7023
5004
14747
13730
10313
11679
10117
3607
18219
12358
10139
18705
6116
12416
13176
19289
10658
18370
6353
15019
10997
18149
6890
5213
13646
13319
8458
13143
11858
7112
12671
19680
3525
11611
14362
12301
4615
19296
9347
12914
9460
14470
12385
18133
15762
12451
12515
2698
4463
538
19874
7704
18357
1912
9958
4257
4008
14104
11027
7678
6228
750
11028
3502
15189
238
4069
2197
2500
9225
1312
1941
3504
89
16475
14299
1457
3546
18457
13338
1857
9460
13831
18494
15938
18159
14955
6055
15201
2446
2955
12216
4111
2991
1056
17925
9926
14012
16739
7824
7481
18667
12304
3057
8526
6795
4255
16397
10506
10868
15594
8870
16536
9378
13917
2711
7604
705
12083
1865
12610
9818
5352
5533
10496
5552
1077
15815
8505
6919
15739
1526
5229
18766
9974
10496
4371
3239
3410
14824
2456
11853
19430
5387
7863
14448
19480
3945
6120
2494
4683
10197
3214
10341
17008
19145
15695
2728
14497
351
5847
4115
4054
9807
12211
17175
17763
9857
13272
16869
14762
11254
13008
13365
13275
8415
8870
11346
5166
17794
82
16973
9516
15186
4022
11090
12088
9468
1790
11775
902
18997
19023
14593
4023
4462
2686
147
15964
18820
5637
16831
18151
16801
18727
3128
12169
14442
2824
8572
4458
4926
15385
1910
927
3539
16643
18791
2827
14314
10925
13269
9306
19713
10804
4398
14497
12707
5151
4219
15189
6794
18678
11327
16743
17908
6077
15331
11795
6730
4279
3574
11681
12969
10268
9705
16298
1656
19439
12956
15962
14793
7130
13737
15976
3581
7543
9452
12259
4682
10802
15284
19580
10672
18590
13665
11632
18683
7288
10621
15609
16417
15494
17397
4463
1254
8048
852
12975
19344
8308
4746
19788
15283
5033
14056
12314
17468
17365
12103
10890
6950
3771
10791
2798
12087
10227
6822
3398
139
7389
4402
15989
13095
8723
9378
3781
13323
5049
7922
8067
6292
16870
3448
18042
10986
17734
12904
17613
11913
3457
11433
18309
18257
147
18211
11612
6118
10068
4617
9544
6957
5405
7566
10820
2653
14514
7494
16613
10824
11461
10081
4264
14546
17783
319
11916
12064
19807
12275
17112
5035
16025
10331
14941
17314
17002
10292
403
10671
14551
30
17353
12775
2933
9961
16061
14046
2518
4073
4610
12531
18935
11823
6143
2298
9442
17298
14101
15034
5568
19114
4017
12597
1569
12927
17728
3662
5904
10886
13695
12258
9562
15662
5719
16222
73
15241
8664
10023
19057
2599
2281
3762
17005
8073
16742
14497
14123
17261
18354
1284
15370
5192
1966
19916
9759
17682
14657
13919
18949
9500
8032
13308
3036
9133
14883
10149
9853
14260
11560
4681
8336
19986
8520
5328
184
11815
2182
6734
883
5616
2923
2399
9230
1253
16868
3930
19480
7994
9764
16009
5043
16276
1787
7885
18407
17015
3409
8316
10386
3722
19950
18931
8626
8996
6023
6273
13562
18504
3813
14717
19602
8022
19180
2932
14300
10588
18734
5256
15526
6699
9871
732
16321
3854
10236
14248
8566
3299
7633
2074
18426
3084
19882
11417
10930
1971
1081
13453
15944
5458
4394
6390
2558
5504
3929
5902
17952
16701
3162
12457
1423
4132
6289
11890
6345
19581
3489
3249
7459
5060
8855
13799
6283
11363
309
1441
12116
12830
9023
9859
18058
7861
17260
17154
8571
17688
19997
15618
15563
13400
1969
14805
1281
7215
7419
12725
10373
3376
3585
12337
17794
4836
5314
6839
19385
673
1079
4962
14067
6260
5739
1289
12257
7195
8803
10475
16661
19754
1082
15315
3250
19203
18553
2152
7299
5100
11815
5516
2930
16555
18747
16560
15790
4488
13558
12538
4919
4009
10866
8548
13591
14760
19413
4164
4193
5453
9427
543
6883
13903
7962
2843
3322
19672
15296
19884
430
17818
17946
4616
18438
419
19787
16271
2279
208
16456
3102
6717
761
15277
17146
6477
6598
12411
1379
13998
16004
17828
7036
17357
17253
10589
2109
7108
15617
16537
1035
4261
5200
10405
12751
5557
4854
19254
19693
11607
11828
15132
8149
5386
8880
18378
6199
14259
18491
7400
4560
14856
6082
13741
4945
12246
18264
3762
601
12778
7451
1972
5735
6840
13205
2475
15759
10233
17872
9647
6718
1547
9662
17747
12838
11025
1105
425
17935
5139
12419
6240
15729
2701
12278
1131
19618
13985
2357
14259
13639
16692
7672
7282
1810
14566
14006
7535
1241
10502
10337
9815
19000
19312
13289
14259
13300
13140
13241
3867
13027
11414
513
5819
8901
15439
8932
6177
17540
15594
15219
19652
17670
12099
10602
7464
8857
16088
8979
1713
2557
