9585
8020
3688
3014
15576
17597
15489
11931
8512
2315
4798
15836
6281
18852
6342
5761
1378
14159
13390
5615
3345
17376
15505
19434
14901
17552
6148
3947
6010
2822
18716
3418
11178
12756
18218
6105
10524
1909
9525
15749
14450
15049
10008
9760
2709
13925
12945
1839
18817
13077
2726
10947
5739
18748
19801
13770
15941
8935
8015
14687
17778
15137
16855
11004
15478
13739
19343
4526
19308
14196
5504
2788
9490
18122
13803
16935
2173
12790
8175
10538
4327
10989
1518
18717
4327
15731
12502
15766
13360
13882
7268
303
14704
15209
10225
8800
16411
19058
13491
10217
3542
5914
11576
3560
5178
3674
7986
3984
2570
19381
2137
2135
1573
979
14838
4708
7664
5444
19177
1437
1763
13056
6046
13433
7473
11322
220
6859
16992
8624
2599
17197
8143
4089
19227
16281
17865
9078
1560
8486
8743
10771
19111
14367
12322
9025
6453
3362
4169
9230
8416
13592
11810
14921
4323
16513
16511
8509
651
15844
12516
15914
5181
15008
8749
4353
2687
14635
18438
19978
2662
850
18341
13087
1840
17853
16452
3558
9543
19566
10633
5579
3888
18696
3559
13395
14350
526
15638
436
5035
1650
15635
15080
937
5665
15789
15250
9509
2937
2647
16308
4000
18195
17798
1581
4105
19805
7303
4962
3605
14034
322
3635
984
19154
12950
7250
16612
8203
11370
19808
13189
6152
15843
3992
8177
15977
10083
829
9071
14940
3320
14911
8598
15276
7279
4619
8692
1116
14397
2690
7086
4191
4050
906
13562
7340
16045
12146
18046
10577
16856
210
323
13501
11153
11454
11407
1049
1932
11514
2199
5522
11513
6962
12536
5099
10894
9916
14160
2620
4900
16025
4421
13504
6998
1671
16552
12487
18959
13504
1650
5675
18786
9401
3577
8193
12902
1193
7785
8607
8888
11249
17678
13944
4111
8381
17633
6120
8102
15725
7427
14818
19041
18204
8133
5069
6137
17071
7063
8603
17990
10523
5462
15020
4386
18274
13998
85
12704
4725
2636
7326
13502
17956
1719
16083
18250
6768
9824
16545
12684
1881
18169
8829
790
8889
17536
14833
4807
6
1985
5826
13224
7615
15641
17419
14222
14489
12852
9438
9797
19297
7118
17490
2714
14675
11397
11136
10138
8572
13255
8527
4722
19301
1681
9750
13741
18418
9822
10683
17930
5751
798
19573
5961
14647
16599
1734
2501
12297
16936
8467
9572
1000
4
6761
13278
18566
15629
15509
6625
326
18412
18365
17662
2290
10649
17048
14567
2818
11702
19870
19749
2860
3944
6590
12117
7946
1437
17055
12357
15312
8853
9797
689
19960
8558
849
5688
13362
18757
617
17852
16895
12072
2153
11244
14060
1110
17819
12465
10515
11933
12563
8710
17409
16681
2091
10473
4226
18473
8533
13526
9743
10905
19628
3545
1168
15673
2274
19526
6739
18085
1003
19935
14334
9420
12452
8537
8778
11972
17111
16515
12373
4966
490
3948
9589
773
2353
15780
18231
19279
13740
10155
8198
9842
2219
719
13214
11382
17746
4988
12309
9617
19957
7398
11672
6899
14219
5718
17003
2333
2561
6530
15214
18291
18818
19647
16585
913
8498
12538
17988
8587
4816
19339
2727
17295
18784
6585
18659
3193
6829
8729
13532
7686
14810
9394
6534
8667
15214
11804
15638
12613
10439
17384
10061
1795
11272
9985
12120
19479
5263
15987
12867
448
6904
17659
17267
11281
3545
11461
9300
170
9302
6446
1574
8924
12116
13160
19648
8228
5873
18562
3533
7468
18126
854
5656
727
2292
8604
7162
18778
2208
8602
18443
7188
17802
3878
4260
6388
12422
16292
5094
11491
18409
3911
8375
11587
3981
7446
11821
16808
11126
2925
17491
2758
18069
680
2264
15878
15929
10585
17072
15176
5453
4813
15267
1777
17176
576
10445
8422
15142
4731
8263
5904
9950
12992
6245
2534
3531
4409
9149
5045
12978
18664
10069
17026
2433
17025
13961
13923
16680
4823
11800
14302
5745
5101
921
11628
19981
15366
3433
6556
16637
6451
11361
5307
961
697
4930
3723
3990
13367
4670
15058
3472
5341
14899
9212
16430
11119
12070
559
438
19631
4878
1038
4971
1736
9750
14975
10247
143
9662
10247
4994
5341
3507
2493
16649
14762
8839
16297
7804
8933
18322
2550
5502
5554
1437
9934
15036
1984
10525
3233
6297
17639
3662
7503
17286
10544
14637
15021
14882
8201
8016
680
14491
4895
8477
1536
439
10388
17758
7675
18738
5565
529
14591
3838
18301
12754
18108
10535
14382
2814
9186
13018
19478
8238
19029
3974
3693
6966
15610
1144
18871
553
4066
9453
13739
11412
1054
587
2543
17260
13251
10498
9689
11781
11033
9663
16189
19546
14620
5501
10483
13934
2378
17031
1906
18011
18083
5982
8966
8148
240
11446
7232
5855
9724
18157
2358
11632
3378
18501
10151
5907
8722
12929
18989
9227
2841
14383
17882
5
10347
4122
7067
9874
8360
10291
5316
17413
9032
16132
19839
7708
14109
8676
19353
128
13536
12506
19468
12495
15815
15972
15255
16792
509
9259
1380
8443
14275
12352
11122
7126
9266
5836
8758
4934
9310
5102
4120
623
10053
4282
18684
5364
2298
11423
12851
3130
16711
10948
8935
17150
10162
13807
9212
5296
19109
11406
4001
6466
19141
355
5305
5282
7929
6995
10281
6802
18884
16840
3004
7981
6927
13816
8887
8199
1903
4115
17053
14314
5750
4837
18967
810
12800
13008
18350
19624
19682
10514
19332
8735
1029
13238
256
542
1707
18679
3592
17475
12360
584
18913
7395
11030
12448
16125
12761
16688
8311
1799
13049
6455
2522
14272
15441
11746
6455
18231
7856
530
15863
19962
2139
12679
6089
6630
2945
15030
5943
5261
8700
14276
5818
7660
10110
9251
539
13524
3730
6738
15903
15077
13810
6511
7832
10492
12871
18514
4780
637
17193
12858
6500
7135
5901
3584
3661
2990
6649
13124
13399
12418
19519
7622
11420
3870
1854
3783
10297
8807
19953
16471
11896
4897
18177
15107
17846
16155
15037
10611
2069
11342
15221
8634
14647
6867
18041
11996
4876
5584
18918
16876
14730
18255
14871
19905
17925
15897
11912
8463
3058
16323
9303
12978
17537
7221
8890
5991
2733
16708
18277
17484
19660
12517
19791
4902
10490
6741
12809
4482
8371
5962
793
7543
13743
6953
15377
19937
4961
13747
14788
5857
10916
16559
9308
799
19722
9492
4482
1288
8485
11866
3029
4633
4391
5457
15781
5302
6776
18048
5486
2335
6817
15884
9737
18441
4546
12894
18104
9641
6115
9198
7570
17537
3466
16503
14833
13261
7395
178
10702
13001
9931
6391
9486
1273
7053
5969
4332
17990
7003
13322
6696
19042
11111
2131
8576
2994
5252
16310
9268
18553
16911
15238
15894
4562
12186
2171
12712
10892
15163
10534
18399
8937
1596
6049
877
1864
12475
13061
12213
13793
1805
17648
19336
8913
8520
14526
16311
8014
6239
13069
16424
5889
14359
14644
7453
9199
17794
13798
5645
14414
16482
8548
6267
2056
3280
338
12353
7996
4446
3796
16066
19253
2178
12574
19218
19803
7029
5839
11943
11670
19907
10221
8349
3716
3577
10574
4640
10204
12934
19987
3864
14961
10252
9132
4729
18752
14454
4322
16040
248
11335
10964
6558
18898
13606
6469
7268
19227
13493
18190
12162
17533
12235
3018
3324
13955
12682
15180
14314
8724
11879
2661
18954
5840
3874
19655
4169
8037
18160
12357
9835
16758
8393
8179
2989
19060
18162
5895
10994
16640
14171
7282
16486
1002
11387
6330
3587
15636
943
9173
16787
14559
4146
1664
16156
10578
6530
12270
10082
10065
9431
19383
381
8007
7030
12566
1993
18322
18643
16396
7369
17880
5172
13134
14963
14593
13243
15230
4093
627
6680
3222
11253
5739
9699
10350
2548
3974
11358
3766
12334
18549
9242
945
5610
1923
12512
5075
7833
3090
4235
16789
17046
16747
9990
7941
12095
13595
18301
7889
10603
9084
1978
3886
225
18952
15577
3164
14075
8614
5448
10496
17453
13112
3941
8289
19737
12679
11699
3175
3495
2835
16634
3348
7460
5414
1427
3054
15089
5610
7172
2110
7762
2791
3985
7152
3310
16895
18477
12603
19477
15605
9646
19585
9206
11389
6029
17584
2578
16591
1722
17935
4843
6836
3877
17925
11814
242
16025
11782
13984
7939
11018
7829
19860
12981
8000
11479
6079
17965
1514
6814
16834
2688
6574
290
12791
13411
10767
6497
5363
15730
7688
19426
2736
2248
7888
12578
3958
5381
2826
3658
1637
9306
18126
13173
6372
8287
9319
16623
1666
13881
2103
14363
4772
2877
19767
6790
12215
12671
14620
16637
2847
16533
17002
9653
3985
15572
5709
19066
710
2901
4874
18189
15320
9765
17518
5697
1113
3205
17494
12202
8228
3595
16153
9450
8178
18398
16330
16266
16375
15488
963
4312
3596
10182
16588
18902
6916
1945
8377
7649
5451
15075
15571
12862
5849
802
14083
5301
19412
632
13506
15172
15474
1683
18710
19325
5255
4350
12570
14960
6726
1290
12114
4775
7281
12158
14315
15962
6181
4390
18610
3594
7137
19087
19356
1218
7302
18785
8818
14716
16702
4406
7500
18051
14909
2191
12739
14562
14652
804
6289
8135
6057
18366
10587
14681
9515
17154
19259
12761
13046
4558
8585
8913
11234
3886
15244
18469
8976
4781
13832
13883
1017
18751
10384
3810
5070
10877
503
13381
13507
16972
11765
17397
14034
17067
11545
13283
5633
12339
18187
2398
1686
10657
18114
8732
6548
9456
16037
13753
18958
4462
10880
17233
18661
17494
16767
2417
14396
19619
15071
4535
15222
16845
18735
18378
5918
7182
11189
3707
17919
4217
12097
2494
16436
19250
16807
19040
6300
12127
2825
17110
10192
9065
14122
3599
16184
12710
18831
16522
10689
11356
4157
6372
6212
8564
17539
17335
4674
2160
8307
8638
19487
4861
4527
1693
1536
11198
11967
2708
2374
12667
13714
12015
4202
11649
9744
9499
5072
17325
10948
9694
11886
3686
11217
17226
16714
15776
8559
18310
1199
6249
13545
6466
19673
4310
3964
11338
9367
759
7067
6599
14540
18115
6327
3154
14261
931
19542
11394
15047
19950
16258
6067
2416
6465
8991
5826
13330
16219
14516
7190
17376
9913
6216
13779
12289
13860
7075
16422
4084
9974
12064
17556
18577
8837
3162
18763
18140
6130
9478
15691
5671
9917
17200
1131
14654
17078
4383
6886
18327
7337
9678
17687
19492
17762
836
12594
7978
7691
7531
4200
4727
17509
14699
7002
9913
12503
3385
16945
3704
10358
6354
10457
16378
14918
7793
5550
16112
17938
6742
8780
2192
1029
2960
17920
7433
141
16322
2756
19692
3074
2656
17117
11290
4220
3530
17639
13714
10543
4741
16612
12994
9928
558
11539
19120
18200
13395
6554
10087
15834
3031
4942
15130
15943
2716
14563
10891
4003
17532
3060
1344
4649
522
4279
3888
12862
3028
10596
14364
19169
452
15239
18983
187
1757
1552
8173
5844
2849
17242
8380
3134
13459
16147
6024
5225
3082
6416
5561
18650
9343
12924
13156
4945
2613
295
3146
18949
11516
8310
8745
5694
391
1595
16760
3512
15886
15750
11963
6213
6751
1465
14152
11168
3601
15686
12370
15966
6294
15678
19228
14676
8181
7442
8737
5276
10999
2357
13325
19804
8975
7847
7835
5354
2484
1840
9872
2044
9613
7922
6265
16500
9726
8339
5734
19014
9210
10677
11990
2742
7799
14239
17868
16572
11191
3897
12454
14422
11168
13224
19964
18206
15698
9911
9141
16573
3873
3292
14379
7033
15106
3613
11772
14061
18240
9277
15335
6533
13620
12181
8626
10848
15839
18159
7956
16687
14223
10766
10484
1813
16078
16339
16216
1052
13922
12238
5041
3634
15258
10481
15287
7405
2842
9347
16927
15436
18011
6030
4316
18026
19732
8773
1624
128
9550
15116
10670
8977
18579
7404
4327
4490
7110
4145
17508
1784
18638
17500
8669
2134
681
12655
10972
9371
11954
14790
16558
1071
19522
12082
14195
18075
3841
16567
10151
13253
5133
4454
7227
5016
2327
10162
19001
219
13731
5188
7813
19533
7979
4253
17590
721
3572
9093
10853
3517
3120
17388
9118
16520
15564
15019
7070
9900
5901
18535
3639
15327
11397
11072
6617
13758
6023
11461
2990
6587
643
12929
12886
1967
2903
4762
1273
16342
7561
8515
9711
4221
7831
912
11698
19672
1102
6896
11570
11104
5538
8322
19633
5850
17737
18471
10286
2351
10506
7341
4250
11360
8205
8146
10858
656
17211
2633
4657
1526
13200
6500
12566
18355
1369
5003
19698
3211
8204
695
10972
4089
11191
12708
18294
17078
2744
14134
13178
18093
2896
13474
4813
374
8110
12508
3305
17938
15756
14961
8086
19292
5400
5642
4544
13544
5939
1326
11707
13411
12681
8568
8856
17803
14474
835
14529
12294
10271
7899
14296
11936
5212
15864
18542
4798
13627
16990
15475
8051
7435
19369
6609
15272
14457
11425
4293
18071
3365
11304
14351
7758
15214
12865
9460
13836
13060
17920
17877
10709
14846
15495
3684
13552
7685
1534
15542
6452
6604
75
5284
15138
16767
2200
1747
8524
6826
18766
6254
15160
8277
19715
7425
5244
16938
11092
10681
8231
1161
14716
16030
14612
16543
17581
4229
12577
15367
5188
3276
8083
9847
12101
10411
6607
343
6596
10809
13640
2979
19384
2684
8843
5492
10074
9343
13416
2798
19584
42
6966
4683
3032
14589
332
7200
9051
5973
5885
15368
5358
2339
806
5095
16670
7637
16024
2968
8640
717
8411
4581
6950
11761
19574
6318
10540
14377
11361
8049
18595
17849
19773
5881
9872
4537
11922
14721
15361
11470
9836
1777
17355
8994
13191
14940
18439
19079
12004
4371
4140
5465
12225
14025
3668
6440
8345
3687
8263
6088
19951
4359
11232
1848
19236
1298
2862
1249
15842
4809
15198
14952
15973
6321
8685
8657
16555
2723
19140
5270
11294
9066
3736
18378
4343
14742
9041
13905
4085
14639
7168
1823
12801
7627
12145
9674
19604
280
14063
19871
16152
6724
1182
3241
4185
3072
4055
1672
19716
13562
19901
5481
2770
5340
16126
4562
5256
11426
12420
2799
9516
3711
5152
5525
12661
13289
6864
560
19272
4233
5636
15982
7931
14498
726
2974
8654
7651
14197
11111
6582
17254
15824
2235
1023
42
9479
12199
12376
14836
13787
16065
9955
17810
10228
7691
14897
12524
12470
4569
4333
16396
18555
12655
14768
12486
12658
2254
11980
9655
11161
12398
14961
18927
14359
5189
7213
2832
4480
2350
10675
5072
6004
42
17151
19306
16778
109
13310
17092
12298
13323
1691
11705
3026
304
4715
17192
15963
3393
15765
19614
17877
14314
3251
8007
17943
11542
15234
15135
278
15032
13991
15815
13353
16149
10469
4848
16132
2812
7044
13187
8699
8081
9532
4594
5175
12105
7807
15119
16017
14693
4384
7248
13170
6338
14347
4875
19699
18300
12212
2711
18620
15256
18762
8360
15507
17179
10597
17428
1671
13481
1304
641
17677
17587
18547
11331
19303
600
18549
12289
13022
3954
4299
9562
15187
48
14597
14136
8072
15100
19320
13902
14447
5201
2034
4239
14873
5596
6402
14320
2601
10712
15445
9036
2336
8015
17285
16574
9911
8103
5232
4026
13722
7179
13220
8607
19490
3683
5569
7900
1643
3884
15289
1586
670
16278
18422
7374
16236
18699
10432
9062
15760
19707
14061
11357
6558
17319
9054
6868
17419
1619
3538
4933
10529
8208
5475
9910
6922
18749
6400
19342
1396
14589
16655
10524
13992
13259
19575
17464
16406
9115
12689
5869
9436
4141
10862
1351
8357
5567
2735
19402
10265
13149
6312
1788
210
18847
9045
6785
6982
10478
14828
9813
7770
18172
409
18226
12785
5780
15627
15515
13962
4111
1644
10731
4752
5743
12627
5034
10297
5368
12439
14759
12743
5737
11830
6803
7807
6602
15626
11420
1998
19836
693
733
1141
1450
9175
9143
8339
8365
9271
17931
7373
17709
10589
17803
10603
16887
3749
9124
5361
13750
2785
742
11066
14683
2391
5847
18094
4964
17447
19247
2705
13190
11529
7430
9643
10938
9883
5366
4963
11569
3553
6524
9102
8881
12734
10101
5300
11159
9335
11984
14137
15568
14469
16538
18282
19591
17998
16053
4120
16657
17438
1482
7644
4601
1169
10353
7174
6630
14850
585
10277
10918
1726
4190
10586
1641
6465
939
14608
5228
12667
4548
17773
17349
11219
19758
4709
3873
18921
2998
4082
3237
14529
3635
5844
13877
1198
10500
3914
16310
19414
4761
12172
19817
7552
225
19130
7376
10485
10617
6873
12819
4909
7071
7437
10745
9218
1579
17176
4580
8033
5591
8631
3967
8473
11400
1731
7817
19088
12804
15213
1046
13331
11750
440
10008
17606
18617
15124
6508
4904
17565
13434
5150
14024
3433
10308
11152
5411
5468
8171
16402
13612
16609
9005
8142
16337
222
1941
9156
8715
829
15517
17684
12623
5053
11401
14537
342
17916
10837
12748
1714
18361
4
9718
8479
269
7810
644
4442
4302
6235
3996
2573
3371
8579
13215
15294
7331
12715
19280
3634
14865
16302
4127
18337
4856
13095
11461
14381
1429
1586
4395
15815
5002
5936
6319
13853
10850
18277
15086
227
16398
11899
13405
17662
326
4783
3928
7649
15610
9434
968
2165
11934
8948
475
12823
7766
6914
439
3587
15266
14057
11604
9188
17894
5612
5609
6344
16276
18810
19491
1464
15562
3704
973
6984
5295
459
15202
6680
3877
7098
1072
2690
7113
7023
9798
5560
8707
3764
10842
19531
8970
6474
8299
11622
9583
12739
13520
4019
16109
7098
7627
16063
13775
4366
5763
9492
14527
14425
18107
4459
15196
17602
12872
6641
1410
15147
24
8062
17441
2115
18359
10504
7702
10497
14653
11444
6198
9703
15300
18215
261
18436
3335
11817
6646
4858
15831
9980
10326
15657
15879
8644
9743
16507
8208
4790
8865
17546
531
10488
14751
2791
2470
7028
15503
1416
1028
8003
4231
9666
2012
10123
18308
9549
7500
9832
15813
2850
998
14858
5612
10125
17159
6449
15434
10558
10474
9087
8411
11989
17460
14434
3320
8364
8186
7581
12021
2726
1576
15769
14907
18348
6053
18637
11531
19129
10561
6593
2595
16974
13914
7770
364
18311
4501
17363
14977
7799
18513
8709
16155
2814
8585
2353
4060
1559
17625
1153
10113
8431
8561
16870
17471
17084
11719
686
11510
3986
18621
17999
13879
12164
17081
11223
15650
18932
15438
2225
19812
3024
19615
10599
5951
12968
16411
4686
7986
1046
4100
8879
7245
17341
10675
8372
1307
935
17057
8428
6435
16216
7005
3705
14291
18872
16248
15568
4044
8600
8827
13380
17704
4462
12965
2861
7255
12586
18367
9781
18075
6443
653
12346
17154
18396
17460
15169
10719
6136
3638
10043
9446
13772
16697
15926
13350
3533
14265
583
3718
16207
3053
19044
19529
2880
10473
16658
3400
1488
13972
4820
11339
11795
3777
19092
13117
2058
8941
5172
16712
19002
13225
7146
15587
13151
17446
14585
8279
4332
16012
1158
2182
7460
3646
2462
8641
1445
14811
14919
15588
14217
7450
10945
4759
10714
16087
3819
16935
470
11060
9039
1190
6725
1084
2861
11114
885
7331
1145
11820
5795
9701
219
8572
19850
11773
6874
14602
13403
7074
471
7133
10494
7155
2656
19042
2764
3235
16283
4395
7522
16327
3555
9474
16551
2133
7839
5833
13602
5940
16854
5023
10757
4824
7432
19975
9488
6125
7037
75
15221
14187
17163
6038
4715
13292
18287
12077
5424
3210
2876
18045
6937
6907
13482
9041
10
10700
5290
18326
15376
12927
15955
14181
12803
15138
9203
9286
13183
17125
9454
877
18995
4705
18168
19406
19338
9236
19005
1216
11542
5377
13629
9289
5891
6689
4240
13156
8651
17598
7759
6847
9287
3291
566
3623
10180
247
8417
9045
13627
9003
17630
11490
15326
16913
15126
19689
4559
3699
11604
3932
13088
2021
12508
14416
19903
18764
16179
15944
11915
5468
1166
16952
12888
15521
10222
2156
19388
12060
8041
15326
4688
18568
9059
7889
6046
7073
16909
9216
14523
755
16255
5689
3948
13433
14696
7313
11270
16020
4982
13052
13362
19395
17538
1493
11413
8882
4952
13483
4407
11075
16530
6353
13122
6759
8349
6520
13621
16729
2926
13369
5959
19264
12202
9039
16449
5947
8144
7151
7705
9501
14812
11761
1295
10416
7324
8248
3939
5611
10434
3524
4776
15486
17576
3731
9163
18069
12158
1234
11803
2975
9871
9311
17282
621
9884
1945
4994
19279
10460
3980
14630
3476
15424
8385
18205
10059
7908
10339
1272
4384
8993
2464
11307
5407
16016
11820
17973
5368
13177
4153
9341
2445
15938
9328
5197
7487
10079
10452
9248
2445
19387
16806
12491
8344
1056
13036
1261
15397
3632
11807
19736
2463
11137
17928
1510
19944
10757
13003
3763
13009
8935
14517
12300
16371
19520
18853
13713
5353
13013
1798
5271
521
10948
8383
4222
6751
11769
421
13661
15379
15967
169
10138
19222
18450
1122
12912
2694
19893
4199
5274
11697
9939
17058
17500
11714
19640
17593
365
1199
6765
759
9007
16363
16473
532
10376
2015
5438
5652
4238
19410
11965
12887
13056
3068
7132
1266
424
816
5025
16992
19569
10105
4706
5237
9327
3960
15354
3281
17041
13938
5948
723
18477
4738
7558
1814
7831
19992
10616
11126
15904
19177
5598
19775
8861
1057
7883
10011
11987
16713
10881
5169
10468
4756
18262
12708
11488
18370
12890
2225
1000
9078
4099
18640
16037
18014
4246
10119
758
14826
15316
384
14770
5820
3777
14072
14020
2048
3508
16829
1870
1250
17433
5439
14080
11284
12588
17171
15535
3148
16649
3517
1209
2432
13790
15934
19698
15890
6178
2815
14729
8604
19104
13620
15189
19373
14554
9809
7520
18129
16955
15320
19211
1054
10650
11585
9766
3182
15958
15925
7877
6608
3733
2651
2160
10644
6275
14632
903
12951
18383
2105
592
19450
19214
10249
6438
16375
19277
11916
11491
8637
16372
11530
8469
13161
3850
1422
977
15184
17497
15401
8674
13038
3440
8831
4424
17134
8721
11976
7900
3406
17604
5727
3988
6978
9473
7241
7767
4663
12656
13418
4286
2997
11216
4923
5045
2869
8831
16573
8375
14698
15075
14649
5758
9947
14990
5198
11335
12786
13612
7915
15282
9468
13544
5913
353
10797
12879
9130
3424
2795
13433
18453
19286
10357
2807
19406
10648
10317
13345
5318
220
15941
1233
11684
13314
14419
6239
6852
14411
1306
13150
8477
16538
17503
17882
3292
1832
8147
5030
3494
3468
479
17473
11507
759
18685
16004
8990
14161
18744
1193
11004
18907
9698
17826
2518
1421
9645
3088
4216
4665
10937
1361
3926
16294
12420
4476
13610
15592
8199
8161
2740
13322
16176
13475
2783
2839
3545
13994
13124
924
1755
18744
9886
291
15870
19994
418
17202
776
7625
3225
757
6931
5092
4596
7121
13070
7829
9057
15207
8545
392
6037
2601
3491
15937
1459
17597
3242
14895
15927
5840
8842
4711
4093
8142
13220
17746
14295
88
17946
8838
8658
18745
19651
2552
18909
8704
15304
15801
2340
17612
6250
14445
10867
1515
17957
17035
9617
15635
6985
2271
18733
16112
10668
9018
10823
18928
5177
4426
14966
5667
6967
18406
6615
10774
9185
13370
14831
14205
10491
10755
8645
16740
13782
1003
5794
2437
17186
2494
16591
2214
4612
7320
197
19234
18060
4397
6907
9789
4731
11572
18853
15210
16436
13002
81
7616
12802
6401
3317
5681
17251
1323
566
14820
1864
12935
6650
16170
18488
19690
15362
15904
8095
4646
14947
12746
15509
5642
4473
10186
1253
9359
11420
3591
4920
221
10612
4896
4705
11844
15477
8035
10243
10634
5345
11355
13113
14080
10382
2445
11973
19387
15164
427
10884
11713
4191
3633
18110
8743
11631
17320
14806
12469
11834
14681
4706
19555
5210
9875
8950
501
9018
11636
18898
225
7233
14685
1329
4962
12598
15097
12566
7021
751
16502
12740
2117
17708
3043
1122
983
884
18254
19508
11149
11066
8545
10169
109
13212
11615
8543
10516
13805
10140
10525
14988
4187
12828
5980
13055
10879
10713
17782
8523
16515
16013
16490
1988
1814
6775
12034
16116
9339
15673
3134
13736
7402
11762
7016
18537
3455
5303
18611
916
18002
11512
2064
808
16777
6823
12964
4827
16586
1995
10913
3846
18396
3645
6192
9682
12452
10053
7585
14290
4711
12404
10042
2957
617
12371
12978
16534
3887
6454
5341
1216
1779
12176
12267
16033
5231
15313
10100
13745
2501
17679
15945
8908
14550
12614
14767
9833
13064
3242
10690
2565
2864
13073
1365
4790
11174
1035
6856
6541
7317
9487
7384
19514
19849
18311
942
5245
5612
13711
14415
19450
17550
3099
9283
7899
8525
4246
17054
17999
2992
16474
7807
19042
2897
13955
15339
3825
9103
14744
18924
7072
11994
8385
4878
10107
13666
761
14649
19966
9369
2298
8221
7456
14388
8028
5164
6859
14450
7934
3874
3060
1090
13050
7689
18815
2816
3118
1408
492
19457
14554
4463
6078
18078
13661
3739
7765
15377
1396
9265
17628
2219
2767
3803
15798
12986
13838
17428
14890
16201
9825
1460
14754
9377
8803
17077
15782
17349
18552
17802
16042
12210
4630
3605
9038
11201
9845
4143
1585
19276
16362
8716
15951
18051
18928
18500
12733
11171
18623
12964
2428
12906
8735
7682
12005
16157
7266
17607
15451
17804
18654
10776
16487
725
14296
5450
8773
6784
1454
11375
11769
5956
3912
1523
10181
6100
19954
5271
9518
12182
16125
16904
15822
5916
5885
14319
4657
16693
473
17918
3219
1126
12493
1650
11117
16945
7615
17111
467
19463
3910
11818
247
19676
8759
1132
9872
6905
13315
10567
9919
18695
17484
8360
13915
7284
12648
10900
17538
18617
12585
4341
11118
7410
6813
4245
18837
15479
15859
705
447
10124
4120
7788
11170
18430
13954
5935
18342
2703
12331
10039
276
6312
90
5320
15170
1415
17736
6503
101
16644
6487
16225
8073
588
4014
1198
2863
332
16724
16269
6338
13736
13548
7322
18575
6342
14781
18154
3854
13349
11763
724
10890
12299
16148
16589
7381
10792
12990
12048
3581
6072
13878
2361
1899
2367
12820
19863
16665
12671
3049
10467
8340
1733
3499
13231
15050
7787
6984
10177
4922
7032
4428
9587
13228
3619
9707
13677
11417
19549
6403
1522
13253
6377
15851
8686
8921
14134
11126
5710
2181
18670
6160
12758
801
15963
18971
7358
19916
6341
375
16951
13890
19741
5719
19031
14486
18400
18673
3421
9218
1801
8059
15472
14129
14567
5492
15347
8643
7405
2957
17082
3817
9588
14776
17884
3033
4650
703
58
8751
18456
6080
10695
16617
8511
15773
8242
13189
2629
19292
5160
17685
18215
9884
14349
1824
16785
5157
18783
6594
5984
19701
12144
15688
6620
4951
13778
6212
15905
10570
14835
13064
8716
14915
1923
14678
16675
6633
12028
1003
5049
15547
589
18344
2715
15342
867
6808
7499
9682
17495
14709
17671
12258
12856
12409
12994
12379
18653
4115
7546
12347
11165
3467
9156
18112
3462
16848
19087
4115
6960
10499
152
11807
3233
18608
18252
352
9898
13366
1923
3677
9765
4517
15854
362
4071
10977
15244
3527
15331
4784
12172
1875
7817
14083
7203
7108
1377
2595
19334
5221
17488
17184
2529
16416
8660
10399
12642
5087
18715
7396
4267
3735
10401
2424
1418
7466
9900
15052
7008
267
17201
5725
19891
13083
19577
19709
413
534
10470
8279
17682
8298
9600
4694
9825
12118
13969
7022
3532
11404
17042
4982
2247
3106
16663
18427
1406
3590
18560
14150
10181
8379
12413
13232
7271
10120
4487
19684
8868
9193
17877
3996
19622
7195
10736
8793
1827
9005
3855
9552
5767
7493
15290
17623
12913
11506
9850
5107
19748
2401
16276
10056
1586
9155
8562
11632
3965
9225
1027
3595
6814
10401
13500
17260
14561
3394
12180
12231
3178
2310
19272
464
9913
7890
10126
974
10251
6373
14677
14501
10746
8567
13267
13189
4819
10429
10877
6465
8367
5755
14451
13094
16040
6323
1768
13537
1085
8129
11080
3329
578
10281
8377
13191
2272
11821
9787
4098
8754
1369
17055
14363
1203
3522
19345
13500
4629
17267
16490
14610
13660
14752
15946
13698
16491
15905
18966
11279
4143
19524
17848
18252
9522
19304
19618
530
2588
4461
5146
12311
13746
11784
1385
2568
3046
6256
5623
9688
12811
15471
8278
5119
10659
17349
15330
11112
15907
3952
1976
2550
5683
9261
3188
15655
4447
18998
10847
3121
18610
16143
8121
12966
10504
3374
4720
14438
15079
13502
3072
4542
6664
15119
4680
4643
17028
17179
19362
6859
15503
15582
392
8819
870
6326
19101
1451
9586
8378
3363
2771
15701
1986
18766
6730
3866
12495
18810
10471
19390
6371
11061
10607
541
10915
15233
1303
8997
16352
1761
1491
5655
1202
10487
16959
15050
4526
10135
11184
6088
12372
16227
18005
354
9299
2397
4229
16139
16161
2751
17034
15510
3866
14695
16379
5474
8444
1423
3718
5515
3686
17059
4663
18084
15139
9948
17922
16748
7885
9119
12892
944
8135
1798
2684
10256
8612
6532
17984
5361
19642
18500
15841
17385
606
19760
7071
11649
6040
6493
10729
18783
490
10290
18920
2401
3347
16389
3354
5232
2378
5022
1661
15760
4692
16608
8724
10288
3006
1547
864
17113
19166
17989
11251
11420
5652
16958
8409
2430
4262
3514
18859
9177
12262
16629
8588
12563
780
13640
16562
13689
13492
1563
5779
16565
13210
10201
19969
2278
7349
12348
12726
16206
18289
3232
17413
6721
1830
12018
19748
19774
10982
13514
13121
10101
8734
5792
17336
5955
15752
8669
2045
16515
8194
6626
6230
12552
19506
18013
9235
5797
14798
17298
724
3207
12127
6199
8609
9371
2504
10032
4225
8309
18564
18909
8804
7781
3021
18273
19289
18708
3877
1334
4992
814
165
7009
9558
15993
1320
15362
7530
5572
96
15943
7202
13635
13149
4867
14154
5201
13872
3382
5441
2146
3135
1142
1977
16054
7513
7651
15217
19404
6846
6799
19139
12491
14898
18675
1031
7173
3260
14464
11815
11113
14678
7245
13270
4693
2380
7412
6839
8485
15521
1842
3272
16892
7777
17934
14935
4384
11737
10102
13702
17579
5346
3883
4336
3253
403
5339
13509
12355
2242
2238
16853
6875
11673
6588
13765
9157
6766
12997
14392
8034
5669
16144
3900
3931
16365
4656
12119
19280
17653
2918
1045
7540
16436
8016
13567
8674
6988
16502
11517
19652
7182
19836
3683
11483
16989
13294
16160
16613
7711
16696
16853
15201
13503
17700
6750
11655
18118
5738
8827
13142
5225
13031
14988
13553
12819
16927
1465
12391
16552
11586
19400
4488
12059
17135
8687
7654
3655
19681
13880
737
2950
4346
15215
19898
11112
3013
17881
6038
14624
13725
16667
17004
15872
1023
1301
7911
7340
3206
15706
18496
3941
10495
7191
18889
8028
9782
18193
1757
16516
14028
18518
5376
19021
15846
931
9634
18424
1260
16524
14655
17432
1174
12867
2184
18040
11769
696
8964
5259
10175
6110
12115
5171
2402
18219
19659
10846
702
7572
3430
5628
14362
7744
15121
6079
9556
5011
5325
8256
2127
851
12306
10225
4797
7376
1220
1602
4286
4708
267
