19070
13007
1289
5891
687
8507
19435
5335
3818
18215
17717
12097
7813
19115
11186
8951
7564
13830
16263
12471
2060
18011
6938
8679
10253
11631
12515
4415
17366
13387
1838
4994
15764
16243
1543
17742
1483
17929
9419
14403
17303
392
6938
12635
5842
9932
7771
10901
15629
2718
3641
823
7602
18485
4695
7281
8935
11412
505
6090
27
18652
9835
14335
12177
8953
7452
3837
9992
6370
13194
4400
2291
4575
7294
589
17919
14751
640
3966
12722
10306
6773
4545
13825
11498
9542
7292
3079
8500
3112
4688
14530
14780
2231
16964
4381
15722
5325
5970
5604
7046
1013
13787
8892
9863
17199
17735
11241
111
969
2559
18431
10797
3673
18508
4243
16464
11439
16040
9695
1763
13400
15979
10507
522
18961
19827
9779
19989
4585
15582
10432
12194
5688
1913
13842
17198
3356
18323
5299
17068
11831
8096
5907
19110
12385
19596
11498
15430
5842
3435
3329
1376
7603
1060
17535
10969
9482
10191
10826
4156
14134
5461
2508
10449
17363
12417
950
12990
17606
14509
11516
9181
5064
15527
5482
5431
17874
16461
5872
14991
1703
2265
456
15880
18463
1215
12534
9876
8268
16449
1854
17496
2071
5099
1374
4426
17255
10597
2707
9708
15921
6662
15437
9751
17944
8187
11730
15290
220
12518
7343
7501
3788
8317
6702
11234
4281
12319
12704
16061
8787
16325
6656
12908
5505
5922
13943
11922
19925
1557
8793
11790
18213
12771
8361
7270
3396
5850
14233
19340
12515
13547
19641
369
1218
1588
8248
7235
15921
2128
19277
14330
8237
3975
2503
7135
12800
3399
16455
16064
4216
11736
15413
5203
5463
11156
8192
2927
16468
1763
4734
2807
7761
19593
7609
10282
14612
694
8677
10815
5294
14700
19112
1169
2074
14771
9721
6700
6555
5488
1703
18357
11985
2450
14217
18036
2566
11390
12815
16118
5229
19017
8632
6499
188
6468
13344
9329
15497
6269
13629
6702
9732
9375
8153
14895
12060
1913
8227
14476
6399
7941
9265
14608
17860
125
14124
2956
15793
16281
1755
4821
11658
10994
4915
18430
6494
13233
18235
16505
6465
8895
796
11230
8117
15228
3057
12845
1751
10644
6588
17562
11232
10071
12367
6747
393
8397
12567
8080
14461
13352
116
1855
11948
18334
15762
17612
11245
5749
7567
16820
16130
17950
10701
18597
7951
16994
14878
17910
17129
7980
17003
4570
19680
9808
8293
4392
10752
13418
8699
7478
5769
651
6221
19822
5042
4779
10138
15020
16253
194
16634
17053
8567
17837
14544
2587
15761
10318
14613
11614
6539
1263
8631
6332
10728
9053
9260
8394
11207
14393
15283
19240
9263
146
11992
4477
17835
8299
19544
13780
6035
15094
15822
19773
1344
13779
5057
9348
2256
5648
19757
18216
13416
11772
11026
18498
9083
18075
5552
7908
12302
12105
18549
658
687
13100
14002
15290
8286
19020
3615
16073
16941
17542
1574
4835
8481
4290
6946
7289
679
4389
15686
12786
3353
12833
10721
19444
791
3515
7144
10738
4008
6103
5258
4565
8991
18524
17862
797
17779
8530
6633
12811
14490
1727
9037
14576
1414
9124
8361
16589
13190
17726
11363
1286
19576
17945
15044
19474
11532
18947
17585
15570
2683
17554
6588
14132
5556
3846
14988
12439
4864
17439
13011
16163
11441
4317
15731
15611
4394
9931
10009
15327
17622
7144
19783
17452
4480
12329
13913
13277
11618
9862
19947
6929
17492
11389
8555
13249
11645
11169
16381
4903
19800
16973
9744
14821
16932
10349
10063
18293
8341
3761
10231
7429
8410
10455
5114
12428
9544
13564
10945
4526
1733
18722
12801
13713
8628
10591
13850
5887
4938
4248
15123
5022
8477
10505
3335
16075
17374
10530
11904
14979
88
6829
16141
11404
1326
4424
14162
19148
19520
15138
9938
8090
8019
14212
3414
1804
8207
2966
14846
12126
7738
17556
16355
5233
11953
69
4386
2738
6687
1277
12108
8682
1516
17486
5852
14634
18920
3649
4194
8160
6951
5582
17259
13972
9714
13097
10099
9967
10236
3798
10476
13285
10956
11360
5142
18304
12553
11786
12676
17623
7496
9425
15185
4098
10996
19929
8618
9425
16768
3645
9447
10720
2454
9987
8240
15349
1134
8534
19474
16626
14444
16631
7039
19503
2757
192
9273
8167
6437
5183
2276
6807
13894
6340
7290
15385
14838
9764
3891
8935
7464
13305
4367
7802
8481
7889
11664
2127
6056
1113
7376
13924
10500
11353
3055
1403
1853
4247
9541
13669
15424
13000
15395
5363
16487
13236
11235
6040
12376
14476
15183
18723
712
14762
13520
18827
11787
1754
1250
72
7720
11363
2579
10780
9380
4410
17327
18310
19628
7016
3811
8029
7969
5962
19968
929
4770
13097
3452
15709
7931
9667
990
19993
14052
6330
16567
13524
13890
7093
8982
17949
9410
12397
10185
2774
4570
12085
5711
16593
10448
17345
5588
9558
7202
15269
16355
13707
13984
8576
15274
12686
15948
18534
7233
12396
13673
11895
7191
6807
9641
8749
2632
13406
7716
7839
3856
4747
11778
2516
14920
17948
11978
11529
17173
11341
12237
15291
1161
1930
17992
10532
10925
7550
13399
4457
15847
3144
6465
13652
14219
417
14524
17619
11488
17350
11926
253
2167
11268
4423
3311
10553
11462
15264
18910
5820
2722
4914
13162
11422
14797
9542
6848
11983
1300
4359
9064
11812
6454
10363
17817
1831
9242
13033
12242
19699
16874
4530
5929
5624
7877
12609
10863
6992
7988
15453
9186
8619
18594
15161
10500
9789
18705
7903
9688
13077
14377
12538
6756
4621
3721
19121
4284
3526
10266
4665
6257
6457
19667
15918
5212
6831
4803
17144
3387
12408
16450
5179
8713
10664
2653
16265
8654
7200
1525
14877
3850
14990
7673
1342
19585
19280
9006
8948
11431
6182
8240
727
970
11065
3940
6259
6248
19722
1130
17851
18187
9988
12584
10479
15449
15670
8891
12143
15243
2716
420
7810
13754
44
12930
6852
18513
16492
10620
16316
7541
8196
8766
1822
7817
1264
3698
15195
16370
14873
19112
4270
11609
13914
17853
2619
9857
1049
8585
15691
10431
13239
14132
11436
15630
1003
6513
1921
13715
13844
10461
9476
4393
17688
1956
9586
13417
5252
799
4367
4754
18976
9459
4380
9943
2048
3552
2459
10019
6109
2135
6241
16568
9537
6774
11994
19134
3171
10776
10082
19503
18063
3770
18405
17842
16108
17313
562
10299
104
111
15080
14763
6520
10614
6100
1527
2162
9765
13771
19016
17039
5824
4400
16912
13275
8157
8382
12640
15678
14038
6230
15221
5929
12135
12019
4195
7102
18411
5993
4370
2270
9048
4516
14462
10351
3454
13661
15091
8651
19627
10354
2290
1538
4462
5876
9602
10064
16363
13059
14544
2307
1659
7667
15826
16475
12578
17029
16981
17972
8758
12569
1616
11877
673
16806
17183
14254
18534
6345
6376
9322
18501
8038
13781
6503
17711
15128
2823
9775
7252
5874
203
4438
18134
2272
4802
13386
11586
3607
3659
4887
627
19731
2714
9552
14520
12198
18407
7946
13521
16937
8241
1536
726
18978
19312
19070
18399
15507
2888
11725
3333
12797
8147
10368
6606
11657
9473
6325
19714
17792
17699
13637
10088
3020
9576
2049
10749
19246
13887
16178
17341
153
1818
11203
17115
2653
10403
14366
12265
16406
8436
11802
2686
10460
2983
7485
2558
2053
2919
5592
4416
6210
14380
11091
4432
17650
17012
3408
9252
11295
13085
5978
13099
15912
3176
11577
14349
3731
19612
10188
4302
13255
2723
15349
1750
2483
14613
18540
4275
9322
17389
18461
6966
5914
2718
7016
13980
19395
10133
10973
5848
17874
12152
4987
15001
18268
3591
12456
3903
14680
27
3062
9889
8879
4793
1286
18551
12687
18332
5295
13856
12470
3265
6845
19966
4531
1148
38
774
5150
19954
969
5374
109
9007
14646
7627
17525
16067
8798
10227
3327
19856
13202
9888
17386
16560
17557
17160
13164
10924
7430
11319
8344
4072
18879
2098
17699
8976
538
14699
7912
6078
16366
4342
19241
16085
5138
13892
2943
15810
9520
1728
16399
5729
11095
13046
10193
2573
18769
12601
16912
6918
19405
16345
16443
2061
6301
113
667
6688
12955
19689
12905
1007
15785
15897
11175
2766
2838
10432
11541
6437
16169
18882
763
8700
6769
2722
16941
12134
704
372
14036
10132
8534
16009
3347
1237
14416
12942
10913
4317
10248
8695
7968
5631
13747
6255
15074
7423
10745
14965
2037
17610
5991
376
4974
9654
13472
4912
9817
6959
4617
5730
6680
14770
14826
17757
1025
9347
6709
1731
8060
10046
4898
6133
7636
11993
3414
12110
12770
7148
17746
12058
2231
2596
19952
12062
14445
1433
6731
17645
7983
9833
19023
10454
4772
1367
11015
16269
18243
11902
16431
12481
9005
19447
13666
1585
6903
12999
16489
4628
18338
747
17461
12633
7278
16035
19826
7420
17885
3306
9218
12455
1414
9223
14068
18058
18813
6591
12300
13048
10034
10387
18218
16405
12958
5840
774
9333
10725
7491
9016
17174
8031
1578
8757
5297
16221
1243
2620
10799
7342
11613
10255
6080
15926
6666
15610
14395
11269
6834
13869
2053
8991
19920
9638
11700
11900
14463
6320
1661
12812
16373
5629
4021
18225
1715
8406
14596
6287
18750
1737
14484
1691
3899
15584
12188
17498
312
1760
19489
1486
17161
12393
1847
4886
13563
8206
9712
13446
4565
19480
13035
2624
12569
3752
12702
15471
9519
2735
7165
12831
367
14309
14628
11283
14882
3103
7852
10655
12992
12758
15387
3645
17757
4389
17173
18390
13854
15001
18039
9583
6309
14932
5472
556
2468
18752
19313
10132
6824
14632
3653
7113
15743
14973
12346
6890
16950
13522
17836
1384
18302
14561
19929
9195
5066
10200
12405
13701
12684
8135
18468
9680
10883
15597
5714
11474
17083
14350
19142
3666
19331
11468
13097
5925
9642
16273
5594
6352
9928
10760
484
3095
5042
12330
1281
8110
8761
3218
18038
1811
7950
5316
16988
7471
9692
9767
6435
11955
9417
14587
15960
18812
11200
5369
18322
222
5874
9912
19099
1865
13016
3525
11873
15289
14367
12224
3927
11345
5436
7931
14827
19798
12421
15685
14735
1804
16814
2767
3310
1247
5266
10707
15707
12464
11865
1805
18922
130
6234
1642
16513
13763
208
1485
7253
14968
3056
5232
19966
3635
9514
18176
14352
17106
12222
1390
2146
12082
19714
7225
1479
16650
16842
15967
18123
16869
17572
2128
2040
535
4827
18171
3637
15959
649
11788
4616
4547
13888
19458
11071
3020
1714
11396
19677
4841
19831
12243
13970
15946
18297
19063
5545
12173
11618
12685
15341
19061
18133
1324
4833
3680
14500
77
13166
18975
16966
17449
2983
17908
2856
12487
13378
17180
16784
6634
14070
17436
7107
1450
282
6452
2063
9120
12534
16446
6408
3756
3813
17528
1604
6093
4620
15465
10524
738
10714
7415
11132
15890
616
4094
16896
916
11170
4185
11566
14749
193
9976
17176
19227
2938
17844
3376
6059
19709
8248
4029
16397
5961
15280
9291
5055
2239
10514
5739
12382
14040
13980
12059
9877
1950
12823
453
11637
10280
1389
13976
9758
9693
2587
16653
4782
11607
18227
5123
16998
5670
13440
15350
12848
831
14572
12615
18651
14357
16185
18323
4805
9814
796
16160
5797
17093
9715
5282
5048
4773
6048
15219
11638
13445
8699
4616
2253
18967
11028
14073
17276
412
1168
5709
10795
12715
12863
7837
6884
19961
19851
3352
7409
2215
6629
10421
8679
6088
1018
13590
15418
16215
11301
10853
209
3552
17193
8514
16451
11621
754
18361
19012
5308
991
18032
16770
15632
19736
7528
4063
8397
18434
14894
3936
15033
12599
17898
4989
1761
6090
17266
19275
2723
14910
8093
19810
18904
12656
14686
16259
4495
10227
7152
6640
9269
912
1680
203
10432
5937
17624
6859
18356
7470
9244
17154
13441
18521
3072
13406
5168
15216
6709
15392
17344
14575
15975
7680
1332
11079
16888
3811
17788
8972
17547
5526
11542
9007
18450
15278
16802
677
11482
12452
15009
618
7629
11431
968
5143
10073
1483
10979
15676
19393
3998
4401
14261
10143
16472
9689
7106
19413
18839
8451
18355
2899
1722
7240
1054
2284
16528
5895
15877
13065
8043
8138
10250
16548
8084
5377
10328
3072
12630
15640
14074
2047
7963
3519
8766
13303
19624
12053
671
19768
12051
8407
4201
9251
17135
15358
7741
8539
13917
16352
1857
2184
15802
15432
9063
1152
8033
8942
13315
18583
6192
15457
3127
17875
4474
7164
14198
12259
3351
5914
3153
12102
10214
16157
13783
13742
3865
6949
7682
2991
10207
1305
17555
11818
3492
11751
16501
7398
15929
350
4667
16364
2045
13916
13255
18900
15094
4474
2703
4990
6434
7048
6003
6900
2593
10853
1136
2182
4121
10491
32
2574
14473
18975
9291
14759
14799
19746
2037
13127
12145
1807
4843
13489
5477
16262
6535
10312
5234
4474
5112
3668
13511
2104
2704
1044
17321
10640
5349
12339
11803
5358
12943
3984
6862
16346
10069
15636
3629
11882
11381
2194
1217
19701
1671
647
4069
4735
5846
17249
7349
2049
3765
3682
3395
15005
19507
12800
9124
14103
213
10776
16686
9312
19701
5440
18243
13426
5479
12193
8505
10124
12922
833
9548
13822
17680
11047
10847
13956
401
434
16134
11921
4119
13097
17155
6362
17163
11811
10184
18039
4061
13346
6727
17655
4323
5264
1360
4338
9434
18842
7751
3455
10274
444
12450
3907
6766
3363
15247
11936
8315
5347
11625
11342
16194
16067
8268
6297
11035
16988
10556
10050
8009
16626
370
10588
14105
16574
6428
4659
14366
4913
10856
11962
3583
15917
19314
19438
15188
13276
3397
3470
16198
16692
15896
10464
6981
10338
17315
14672
12591
19218
17970
1762
535
16008
17318
8806
4792
16595
9651
15846
8952
7852
15788
10156
4476
13770
4514
10130
16593
18319
15644
17774
2773
18105
5140
15771
16411
16348
16822
3318
4541
1010
18588
5308
15860
18837
2630
16831
16334
2957
18595
19734
11960
3202
4854
340
2610
12262
10439
19142
7973
9376
4290
7965
8282
4266
11508
12064
16344
2741
5024
2641
12464
624
5728
16907
11672
1535
5246
955
12
17215
3392
15355
12664
154
2446
1427
19649
17408
2177
9937
17670
17546
8220
15352
10759
6069
12317
2533
4247
14508
11248
9837
14688
15268
3975
7069
1891
2167
12986
13828
10825
11619
2064
16476
8696
4814
12593
12518
17167
8900
12380
9065
14591
13728
1039
14687
2324
18073
2388
6490
2827
9270
12685
3547
18810
3490
18830
12282
274
13817
7207
2676
7150
10644
17133
17384
13438
2391
13441
2216
15694
7503
7306
7613
16260
16861
17766
6305
3346
5106
4858
6180
17405
12434
14222
4640
15258
4378
18537
7273
10901
2481
3267
10699
19949
5110
10791
4758
5162
5896
7979
9123
14798
1610
2757
19628
17075
2367
15543
16357
8074
14686
8226
2738
9925
8454
16389
8939
19253
8091
9035
17532
15056
1583
9745
14581
17382
19119
18350
718
11764
14526
5903
18361
1104
11525
5934
16253
19835
15798
14383
6214
8634
14820
1696
15326
9670
6073
13987
17890
18807
13954
13988
15026
6065
7286
911
11522
13452
519
10689
5120
18947
1796
12935
6558
2663
19413
16031
16123
8599
11628
9610
12453
11319
14740
4760
7332
10877
11600
12520
18997
19770
10482
8476
19382
12021
3520
13320
3980
1993
646
1974
373
6448
16065
8336
6062
1357
13847
4364
9335
1983
11640
10999
19980
5246
16729
11435
6315
4028
8413
11208
12186
4247
18534
9002
4264
15811
250
15387
9014
8252
15228
12533
5855
19387
7410
4209
4448
964
6465
2128
16215
18198
18775
5042
17559
2865
4191
5646
9561
16862
5019
10962
19904
5857
9439
6871
1891
1008
9998
4068
15231
13939
10388
11923
17775
202
9023
12866
6490
16503
4052
18677
16358
3257
14775
1238
8947
4997
4768
3963
19940
3276
130
8938
12671
1009
12274
8359
2554
16822
4413
974
18050
9521
13029
19852
7741
1490
8035
14268
16207
17355
14422
9636
4216
19434
11340
16176
1879
8218
3813
18312
14597
14746
536
7113
9892
13056
291
15335
18496
19414
5926
11382
9261
10267
3861
14791
4937
17677
5227
19264
11763
1682
12479
12874
1186
13758
11480
14944
19206
8364
9598
654
9793
18637
18120
6631
2737
2392
4760
8845
14691
17860
18729
14945
16451
17237
5127
17384
7867
9320
4065
2913
15480
5840
7056
12928
275
8507
14970
11228
7163
18631
17161
8527
14588
14792
7645
11493
1035
8226
13767
17497
8736
14866
15931
2721
4356
5049
3979
140
11958
4386
14830
16578
3942
2544
8448
10394
10985
17571
4911
10128
11374
2198
763
14778
15980
4695
3706
12755
10668
17969
15550
8264
17326
63
11519
1133
19153
10174
6973
15115
9411
17908
5596
18117
2976
11035
5312
3316
7248
598
10865
3291
2886
13892
13631
4724
11246
1582
1894
7164
8374
17085
9502
16643
3453
16864
7323
12049
13421
1858
8450
11501
12598
5562
5919
6375
6608
881
12077
2278
17153
11803
12272
8621
17380
4059
6043
11749
11724
14051
7962
12926
7740
19453
9039
9940
9984
13469
3382
6601
7570
17106
19425
13760
11455
4537
18301
17517
7052
6594
13730
5830
2014
3521
12629
13638
11102
11098
2140
2533
4694
13792
670
6714
9807
4406
15791
17533
1869
11125
15226
17807
6057
10664
4146
232
1552
12219
18087
6304
10266
18782
3782
2154
11479
5079
18943
2406
15468
7160
12845
2489
4248
18595
11623
13522
11858
11645
10995
12000
12025
5194
1953
2026
15398
7817
7156
15412
4540
1405
10263
6649
13906
1608
2419
3430
18135
2259
388
6957
5031
10162
11651
15793
1889
14891
5738
8944
5796
14552
8946
19500
19928
5106
6394
15607
8663
18394
12495
11105
14693
12109
5501
1997
1226
16001
14415
2692
4108
14313
19983
8387
5035
150
14192
7518
5551
2190
699
2868
17210
4783
14406
12436
4668
8045
15473
2994
19210
5192
19583
2546
19487
5123
14380
8790
1924
8420
15971
7563
19172
9291
1238
18918
16101
6613
6936
10419
806
12223
11082
15857
5946
6148
15418
5464
11615
1173
15943
19595
3173
17384
12317
13908
18245
2921
16886
2972
12518
16366
11284
11423
5256
7323
12719
8986
968
5326
10872
19052
11633
2090
1874
8456
6182
4301
1566
10283
16366
17196
2142
14127
9524
3900
395
15912
8540
5083
11161
15345
2490
443
2907
19432
16202
14846
6021
13165
2921
17288
7856
7917
7579
1298
13449
10827
15405
6032
14510
18789
1858
9933
1174
5843
14265
6047
1283
2275
12031
17759
4546
2297
16553
15209
10892
16136
7376
8574
13062
16804
10570
2541
4144
2636
19606
9078
15927
19851
7464
12354
3663
16307
11688
11258
14939
18267
5804
6768
6150
6073
16866
8575
13485
9624
12860
7122
10640
7434
15513
1945
6291
42
15602
14923
2383
8043
17581
741
7335
1220
15046
10703
3367
13645
15527
16695
5482
611
15633
7264
7547
6286
19540
9422
1553
19808
3935
16730
16360
8909
10576
7534
14418
14269
17978
14866
6935
14307
2772
5267
5643
510
18808
1057
15584
12934
2018
15781
17129
6205
14582
6337
5270
8158
12158
12403
5079
19167
15732
6159
7194
3331
17890
15015
1550
14455
1485
9260
15140
8736
2628
7714
1247
13530
7016
16663
19008
4712
12006
10177
15778
14791
10864
11224
18399
8022
4577
19562
5267
19057
2919
11551
16143
919
11879
10056
11672
12404
11164
13019
4025
18634
13124
18588
6246
1541
19734
17564
7759
8991
16779
7691
5533
3352
13314
19484
10219
4831
12264
12457
12543
209
8627
859
14003
5884
10760
5813
16083
741
13107
9953
1481
11145
728
16048
5749
1597
15537
5417
6808
16972
14905
11048
4130
14528
10304
5474
12674
13722
7280
13715
18731
2285
13292
1026
7216
3490
5231
8105
15937
18468
18627
2823
1041
5985
9738
11253
13280
12955
9385
15035
12537
6128
13964
8799
10994
14023
9903
2585
13258
4418
9568
19776
1398
2560
6443
16449
9621
17668
2485
16113
18017
16546
16700
9046
4425
19343
3734
7816
1555
10705
18670
12844
17980
6281
13750
14954
4311
7255
12962
10639
2720
17137
19674
13905
14472
12478
5352
15943
8523
4870
11891
9397
13077
13014
13353
2855
6030
14951
8658
8053
17590
95
16810
591
16520
17608
3592
18641
19542
18436
3339
10863
1690
11621
3772
9833
18801
12274
18433
16850
2743
15164
1844
12950
14887
18542
2897
1719
4078
804
1880
19726
4714
436
141
2706
11197
10167
7549
9542
12165
1519
10239
10467
15688
4671
7154
1254
18342
10297
16150
15260
1401
12717
17147
948
2033
14190
5911
19403
19055
9765
13718
2085
12899
18832
14856
16134
5541
18186
15251
1946
15393
1629
12375
7965
2325
17106
3202
18896
990
8689
18662
4133
12316
16605
3596
14765
18656
10483
4077
1696
13560
8750
4314
3782
13720
8128
2519
12824
8425
16456
4053
5217
15802
19267
649
6570
5428
17696
15589
5716
2624
14465
16338
4726
18986
18280
16003
18021
3311
14548
82
5919
7431
2363
931
3641
14206
19533
940
4644
16565
12361
10704
9648
18487
1114
17255
7773
11895
19093
2764
16246
19692
9364
17745
16822
9361
19330
4502
7400
13960
15582
2502
4354
4166
3088
18814
9484
11387
18254
1284
7372
9739
3634
15006
9425
13075
534
17327
18322
10702
17283
14172
12378
14382
415
10974
1237
975
10263
16781
409
15538
1911
2284
8876
5125
14096
2328
7288
12697
26
18894
12393
14474
8714
1732
19866
2548
5114
4401
2818
11289
15368
14493
17373
4703
15050
18049
542
4816
19975
8588
3310
3007
17587
4100
5129
3086
6413
3004
15167
12521
7666
5472
4459
5704
18429
19642
16890
16868
6164
3540
3748
12719
13245
15713
9850
12312
4998
4611
16895
3949
1251
72
8740
6424
14073
10977
18239
14614
9187
19462
8572
1992
6255
18285
8021
6529
3349
14381
18897
11295
1565
5000
15727
10311
7716
9051
814
13414
15739
2304
19490
15287
12262
19148
7068
19148
16083
5612
13751
418
1109
10476
17324
17848
1862
6096
8338
9840
15064
11849
8090
11721
17258
12143
847
4966
15225
18944
10885
19809
19582
19109
2216
3887
9729
9075
6433
16794
6458
9011
1779
5471
8080
12016
2989
11036
5553
7237
19519
5568
15543
6393
11496
16243
13559
17552
9690
6576
6695
9033
673
4311
14248
14359
9840
1927
7533
13061
1097
213
10901
6022
6311
14393
10476
11036
2605
9128
11053
6521
8073
17827
13280
1177
10924
15583
10642
6672
15536
1666
19016
12652
1470
14229
12135
11897
7513
15934
6634
7727
2919
18033
1902
8960
7243
18262
8044
9771
4472
10474
11144
145
196
2980
13797
13674
2653
5846
16556
12766
14082
13516
13574
10975
17870
4860
2296
12648
18914
5952
2261
7671
11523
2190
9259
2342
8997
13732
15528
5011
8999
6186
16589
13178
3638
6805
5903
6926
890
15544
13259
7147
3010
5533
16221
16369
3459
16322
7420
7718
4408
16831
9876
2572
7775
3754
10585
18995
7780
10010
19440
2638
19552
7132
16207
15556
14749
2918
9586
16726
14095
4296
2928
19168
13710
1812
17030
14529
13035
12490
12188
16998
10790
5171
4954
14181
6496
11812
4353
9855
14091
12758
15192
10917
8273
17551
8892
15454
409
6937
15137
7818
10621
11965
15659
4830
16570
14286
17651
15473
15870
15573
7633
17449
10666
6948
16488
10416
14627
15901
6403
15379
6203
16480
4054
19042
5170
6668
1430
1766
5021
16711
16028
5919
5618
8444
5569
7234
12850
16971
16925
4752
18481
9241
1325
13826
7311
13235
1757
15228
6081
14054
16186
17278
11318
2133
9166
6735
5603
10483
9536
6490
10918
5140
928
2715
3714
2888
13382
6069
916
2211
13747
16499
19726
12372
10318
15759
6115
9924
1553
9120
552
5855
18030
19720
7542
5462
19571
1692
3732
7793
7436
4679
11691
18738
707
13601
15189
13146
5862
15764
19979
6428
2573
10987
11685
2013
19343
1663
1035
1201
8754
16943
13990
18162
16899
19870
19100
2709
18024
5460
10412
4860
3805
17662
2556
12418
19998
18739
13401
17442
17233
16467
6870
19930
3931
13887
13415
13808
10209
3875
5263
11955
10647
6663
1700
2251
17999
14986
8154
9278
2028
14077
9027
5263
19227
18874
18392
19143
428
3493
7428
2890
11008
3965
13848
8619
9351
8895
2220
14844
4710
2191
2195
1128
3156
7264
17120
12716
17890
17241
9687
15476
34
18125
16447
16598
6969
601
1064
19721
847
6018
4156
17798
3869
16867
1890
6102
17352
2907
18341
4068
19423
18887
14419
18955
9475
16480
17661
15201
10541
3186
7611
9270
16197
1625
10842
190
18016
19183
8626
14457
12831
6304
6947
2078
2132
14067
18295
10577
9546
7800
4462
4006
19615
1854
5293
4176
7185
16665
11279
7154
8039
17235
8372
18749
18974
16379
17600
19826
14646
14633
12517
15805
12707
15552
13694
17273
13202
13994
8587
13334
644
18026
18783
1143
16878
5023
2597
17817
11062
4716
6394
5231
14964
10721
7416
16927
6415
4908
5263
6071
17212
12413
5867
16104
3521
13305
19435
14300
13749
12528
3649
10291
8957
1148
11655
5619
12113
4774
15345
17978
16425
5756
11634
10690
8489
12764
1576
18720
15845
15365
1625
16320
354
14924
5268
4757
4865
10386
10766
3406
12802
14653
15325
6516
8946
602
772
19563
11984
12507
180
17314
16217
18879
5163
1578
16215
6233
17683
5763
16973
5200
6472
16167
15990
210
15933
11412
11246
17734
19088
2570
10286
9980
18403
8420
10814
2175
12424
929
15890
409
12623
5993
15548
19203
9042
5645
6047
7144
16736
12992
15749
142
10049
3845
7385
2090
16146
625
6977
18063
3953
19539
4759
9145
13987
8754
19581
627
16314
2665
12284
10157
18786
11234
17616
11893
15372
14994
9355
14994
19601
1613
16939
5015
9402
5659
1525
2608
7215
15955
11754
1864
8340
12568
11315
18531
15658
8056
4498
19843
34
13262
11913
2212
15033
13499
5841
7028
17350
9011
3491
11804
2903
8805
19523
14865
2496
17652
13717
14395
4839
4219
1193
12038
2999
6040
3919
11816
6525
13513
7952
1271
19744
9165
5515
18789
14810
9893
5234
3890
2086
15281
18761
10222
8328
3312
9903
17569
13051
9188
5418
18517
1552
4223
7124
3598
17327
6944
14209
1926
2313
8365
6500
5021
2360
18580
4880
10258
19432
8109
14626
13959
7507
17632
14453
9541
10092
8120
13330
14810
7533
17490
13244
13987
6339
4361
11100
16839
15304
11750
5215
7889
19188
11289
8199
17967
11970
12067
19901
15580
13446
7446
10420
7104
2126
5775
2201
3049
14669
11092
8838
12171
11312
13291
12617
7907
12995
5210
19168
76
11544
10626
5304
15996
15404
12996
17476
9811
9971
4970
11872
6098
4982
5184
4920
12638
15233
2162
3377
15757
7550
19475
6258
13885
4945
13693
3382
2574
17980
12180
874
17433
17540
16567
8651
13846
10148
9801
1345
14648
13871
4017
13325
13757
8005
18980
14232
6146
8663
7450
5612
735
3998
9026
3122
3725
9514
6476
2216
19359
6195
2278
18547
4617
13621
7532
17857
267
10350
11318
15031
6144
6593
8769
18978
8076
5896
19137
7287
13171
19535
8060
13128
15708
5976
4514
12986
269
5977
12353
3504
7817
17717
16870
17161
9592
2244
18388
18142
9993
4589
3689
2657
12813
4577
15020
6198
10525
3502
18572
12215
10633
18059
8936
5563
17047
7894
10529
14337
6481
16421
9499
18599
15559
6020
10204
4996
940
18074
18121
13322
1921
16056
18201
18962
3271
18991
19274
2886
3002
10609
3782
14591
13001
17424
10354
16350
18733
18890
2703
1770
12678
13081
12896
5792
11401
18928
11194
14709
1467
16659
10765
902
12660
755
4708
4157
17076
13476
418
4404
13840
11758
12166
13679
19871
7234
5553
4868
3152
2076
13332
12368
4946
13347
12215
9532
16660
17630
8106
15508
5834
10699
15951
19404
6409
1705
5040
11842
4685
406
7430
3068
3317
13809
19805
13372
19080
1417
12475
9265
13455
3824
7384
1802
12802
4883
3960
15298
9645
756
16353
9075
13137
12056
4215
16460
13638
11241
5048
16995
1873
11360
18596
3013
6603
7020
15853
333
12765
2182
16546
18551
17804
11628
19490
7229
9145
17531
2
2445
10762
8081
17220
17821
6322
1344
7299
15917
7181
9125
6716
5016
2646
15104
4919
5941
4567
9081
16177
14118
3379
7078
10679
17507
10427
12949
7110
14491
16125
2884
10288
6867
5074
4303
16545
4143
10918
13318
8663
6716
7048
14876
9647
14172
18830
19638
8656
1414
18170
10585
548
127
4554
266
6044
12290
3101
18424
6828
2836
15109
2764
12548
19164
4034
14619
8140
15340
711
14477
9876
3915
17513
11682
6899
2129
11324
2072
6222
4283
1018
5597
9452
3489
7953
2046
15956
340
15657
4648
9557
16248
1364
10966
1319
10434
18767
17360
17123
13333
2916
2741
16710
6290
1272
2396
17904
9552
765
17820
6025
7382
6377
17805
8508
14088
18532
6203
18615
13857
10003
2143
17939
175
4650
618
14281
19197
16825
4646
11007
9415
8139
19562
15746
1058
917
9785
19816
577
2134
16161
6463
9802
2099
368
10681
1935
10
16335
3471
15507
7635
8649
7321
6446
16958
17097
14432
15402
18840
7911
17707
15691
18584
11151
16417
684
11886
6671
8713
17348
110
5807
16390
6302
8429
762
19310
14970
11689
9530
5867
15019
10991
14334
6808
234
9351
12974
1639
9030
8873
5010
889
10130
19225
361
11223
17638
14623
7502
15757
18723
5276
8635
13922
15593
3943
8902
19284
18195
14081
15144
11663
16788
6605
9617
5335
17711
9176
12562
11287
8900
2235
14863
19773
1670
2016
8805
1336
1761
12251
17760
1689
13318
10930
9459
4562
13735
9179
14074
721
19356
13895
10105
10983
16224
6952
10113
7565
5037
19304
10628
7798
11288
17530
7825
12805
7415
7948
17613
11150
506
16705
10437
7034
1755
2569
5113
3282
16620
8224
712
12428
8843
13736
17914
5700
3080
8486
6396
6031
8032
4620
1803
13651
17146
4195
12030
12426
12345
8898
11417
7210
19623
990
6192
2017
16953
13790
4113
9478
1108
13329
10411
8168
19145
2182
653
10750
15580
18454
12686
11203
4172
5872
14663
9228
9758
11100
9633
729
14412
715
19750
10026
1520
14967
4206
8829
12272
5181
7052
13817
16017
8182
7593
4003
9911
5668
10991
5245
1745
15338
3346
10281
15092
12128
5201
1681
12712
1543
19711
9401
15265
16698
1627
19420
4522
3551
837
8671
14852
561
18827
2884
5385
1581
13988
19972
1558
14957
1194
17657
3211
18353
12645
12664
1301
9162
10243
6615
4336
7413
11043
6205
145
14469
15754
16865
12440
9775
10935
16861
7993
2029
8110
4509
14764
4174
15794
9949
13618
2644
12258
18275
4338
18877
14834
13388
22
3459
15822
9291
3751
14157
7160
19841
5646
3945
14472
19161
13328
12139
891
5069
10089
13757
10063
12959
8857
1995
12759
937
13178
1306
12308
9890
13627
6386
13571
8686
10720
1991
11833
17571
8971
14625
13073
15069
16798
614
14549
17363
13391
9180
5003
18252
14027
6271
5011
12434
13153
13742
8980
11846
16156
6238
8623
1255
9262
16141
7015
13516
7477
12876
9280
10248
15482
1779
14499
17640
1529
19094
17828
17553
5425
4332
15119
11665
8399
3229
1720
109
4807
16636
16130
19718
12280
15127
8864
19870
8454
7217
19530
5872
12731
18568
17858
16931
9297
1303
13122
4076
4253
15360
11201
6873
18047
11652
6620
12393
15040
9162
10422
12167
17675
19141
10080
18805
13979
17835
10874
9728
18089
957
13996
7956
513
14560
1867
1194
16656
6978
6778
11993
8267
4713
4780
13223
8711
2317
13285
2615
14566
8951
19865
16676
18226
5832
17251
4804
3242
8649
13784
14274
7718
14320
6609
698
18982
2712
16846
15317
10031
701
12774
1479
16804
1502
11607
16593
12789
43
19952
19523
15043
11021
2452
12280
2470
7579
2673
1175
10469
3674
18051
9436
7941
7531
13201
1935
2567
10809
6618
16063
19158
16167
14811
9724
4789
16942
10563
18779
11314
11139
4155
15940
14354
17420
8506
3787
17679
16887
19865
6076
5266
15609
18896
4567
10523
18908
4446
18319
14505
1004
2799
6515
12784
10640
19817
17681
12984
6905
13182
10170
19845
19545
18945
3196
17624
1710
3268
6786
6811
8026
17528
5755
3631
15355
2888
18271
17004
13196
16925
234
16720
4857
15758
16249
16353
12815
1718
2110
1208
17613
4889
6453
4363
1286
11156
10798
13682
11614
3013
9322
6633
10075
2033
15455
741
8495
15331
1299
18733
5036
7153
15660
10098
5382
1788
2549
1343
16347
12497
3103
14835
18210
11035
12385
14349
19712
10907
18820
1819
12638
12261
16053
10214
7320
3362
10430
763
8
17865
2118
3870
7715
2363
571
12054
14946
2289
10874
11085
7825
5857
14601
3373
604
10658
977
17906
1030
18613
11986
8521
19948
3090
12761
7968
3153
1646
10174
18795
1146
4738
10020
9239
2803
2101
5990
11395
3786
9556
767
13160
7608
2350
11591
4341
2917
12407
2831
2505
4979
18737
7965
4198
419
15995
18745
8355
11364
15120
16961
7732
14724
16273
16883
11528
18201
14066
14361
2801
7923
6303
15536
12336
8611
571
15502
18230
7262
12182
11183
4434
10602
18431
530
3972
18801
19806
4577
707
1253
2552
19325
18626
17553
17208
5563
2651
2858
4495
6705
19252
5986
17813
15676
16149
5940
19933
34
3387
14730
10771
14062
876
7196
4782
14136
706
6848
252
3895
19973
17937
18859
4397
16126
9962
15871
5331
9568
7501
14582
14655
17917
8883
15493
12569
14442
9052
8407
15338
12616
6656
8648
7451
5247
6648
16303
16880
1265
13010
11996
16839
13984
11979
676
5890
6194
14745
9851
8922
11316
19573
4331
23
8913
7179
897
6916
16116
16731
11911
14264
11430
6893
8871
10545
19342
3018
4546
7958
13309
9433
7466
16763
15761
4794
19975
16266
7929
4078
11252
5629
8648
2371
3377
14375
12304
2014
6265
11029
9053
2330
11738
9444
17119
4955
5867
7571
16876
16455
19721
19845
12250
19476
214
9296
6770
6810
15372
13425
4860
17101
6788
358
18206
11253
12698
9951
8378
14311
972
8109
9080
13494
2533
18843
4055
9155
1111
4416
10813
15805
9295
10667
756
17392
4225
13581
1871
5712
1998
12264
17179
4418
13869
18493
6657
13298
9875
11958
15609
895
10760
2866
19623
12574
9242
18284
10678
10616
7998
6024
18045
4237
16204
1933
5856
12230
703
14238
15461
14446
5187
10872
7475
10837
15738
11473
13713
5118
13858
6240
9767
6505
13384
4682
9325
1315
18412
13793
9367
3425
8137
8789
7646
17845
10578
5424
4348
4403
5655
6455
995
16345
2659
4996
9159
9408
12032
15286
4286
6508
10362
30
15595
14708
5065
10394
18429
7997
17209
5261
16580
7142
8297
2596
14767
9796
4799
194
12140
18035
3145
10467
5847
12628
12208
6029
1417
6827
3154
16963
18935
15110
8234
12903
13115
13492
2272
13951
18425
3631
3541
11080
11966
12853
2552
17369
17399
4115
7502
265
7351
7132
7384
3683
19086
8598
17455
3377
406
13593
13321
4475
15365
11297
8843
11208
476
8089
6335
12327
9920
10926
3505
7208
16021
10807
10931
3427
9127
1103
12948
6785
10285
7482
10817
8738
1124
7110
16604
2909
7426
16499
13339
13698
11549
9271
7943
4022
424
9662
15744
15242
13279
3784
16723
10146
3816
15603
4653
6194
17883
13110
7603
19299
10307
4396
10609
9468
12326
13500
9438
16767
10146
16001
14961
556
14307
11273
19076
6326
1713
3139
16111
19359
9080
1087
9505
9363
8076
3721
2972
4872
15237
19381
19688
19567
2124
12963
9036
17322
16593
5704
4259
15060
318
17616
17001
4562
7647
16823
9074
10719
17011
9625
8261
9103
2542
14710
5960
2925
5030
14664
3990
12953
14836
10340
14991
16235
12613
2700
14052
16560
8974
9651
5330
18873
14338
8462
14106
3675
17459
4125
15575
18341
16968
19435
19097
18273
9692
2125
5984
10758
13429
2103
13980
8559
5013
1215
17092
6845
9977
8798
14634
17760
986
11161
5045
9724
14434
18391
16191
5356
16211
18355
10013
15394
2001
7069
12319
9326
6260
7959
19820
17631
18151
1845
4806
10545
2941
5090
10872
16677
211
6454
14683
18683
3408
10526
15690
7463
15818
205
1634
14589
826
15395
19701
18277
11660
14655
9303
1036
9129
15718
8910
16460
19730
14079
19122
7978
13183
5933
6807
701
10894
1451
12438
8383
108
2351
667
9305
15391
13941
15004
4713
9065
13565
3482
15318
18239
15677
9149
10562
2936
18387
932
4247
14342
8305
5133
3145
9992
3910
16160
8187
10518
2258
12483
5214
5100
9587
3773
10030
19533
10029
12970
16339
1521
19121
3573
10762
19773
7622
3048
15468
9483
3497
15868
11837
7682
7859
17696
19836
11155
13257
18532
17856
12476
10410
7252
3984
2429
18738
8720
13401
9339
6630
12249
19831
12776
11095
12628
6645
954
2622
3991
2633
874
19317
18283
3167
7652
10173
3118
14705
19656
4184
6652
621
8262
19448
4420
1986
816
1520
19858
16413
9960
2706
8924
8480
4713
14730
18345
14260
15637
10263
2370
425
9812
17752
16053
12796
15407
3119
15323
16541
17227
308
17737
236
6447
3027
13751
1611
4010
8985
5806
9973
11309
12053
10716
13654
8718
15304
5739
10707
1701
14992
14870
1420
15904
14900
6571
11197
7500
18155
11550
9884
17501
19246
6916
1595
10226
3175
4573
4068
16110
4305
6240
12260
6821
11383
17554
18411
14459
10136
14291
2538
8606
12731
5854
5800
7573
16690
18590
16048
10107
6292
1984
12927
2923
19809
10361
7349
17340
131
7520
8875
10375
5626
12675
10746
5025
8764
504
14803
8284
564
11577
9188
6920
18880
626
18075
12168
18771
10844
11330
17552
13349
8375
10760
2980
8711
9585
18859
2293
4880
10241
5005
8210
11079
4089
11963
12163
10186
17321
19525
11863
16564
5965
9162
3289
6739
4517
1941
1117
4531
6665
19161
4844
18921
6046
8824
15331
2330
11603
19065
15432
11113
1460
1776
1695
19497
10649
6896
3523
14727
4754
11032
10046
7308
19517
826
4012
3693
13312
5472
19566
5429
1819
11358
14728
2694
17382
13275
15652
19375
18785
17901
19147
7494
10744
8353
16798
16811
13086
7338
17689
4409
8797
4333
12417
2873
6380
3805
1608
4489
2464
13810
17822
7765
18335
6142
12535
17545
4052
18937
9414
3188
5487
15705
4052
8093
1672
12622
13581
4098
2923
298
13211
15545
16185
7560
10672
15093
7622
10424
5769
514
816
14580
2667
17934
14218
11072
1727
18936
3152
7054
15047
13116
1358
70
213
1072
13838
9051
10673
13501
17437
8233
19774
1091
7451
8788
18513
4090
15314
10304
8787
2550
5304
9481
13231
18246
10452
3964
4285
330
16324
16473
18838
15044
8354
17702
1943
19311
9285
6388
3374
16149
14523
3991
11080
9847
11299
6193
13715
8841
10179
2955
8883
17776
11247
12828
7303
18831
13695
2051
16147
17163
4034
6920
723
2831
5748
12510
12950
3345
14894
4275
16224
19326
8774
7208
12004
5314
4248
10052
19221
1247
4471
16332
1744
3662
7137
18437
3291
13535
19185
18805
10713
17216
8670
12272
4843
12926
16849
7230
9678
4721
3540
16378
781
17859
9808
19999
9319
15849
18992
9512
3103
13323
15834
6088
5077
13613
18090
8243
16848
17616
15290
3909
14396
11791
2790
6918
9018
18389
16252
10778
12496
13378
19700
12051
9929
15213
3031
2026
14778
7442
2852
9268
5924
18074
6893
7114
1452
9484
2286
9492
13429
18049
7426
9293
3043
3531
12631
17987
16285
6263
1959
8325
6350
14563
8986
17451
12160
4164
6355
8146
9777
13139
3448
13089
6245
5178
3290
11516
13475
16228
18596
9232
10808
17981
7687
9442
19515
16907
16725
14952
7517
12523
8965
3932
11850
13432
6247
17739
2275
11752
18521
4048
8221
15976
8602
4936
8967
16594
14697
18449
13896
18182
19228
13342
10520
2483
2504
17115
63
18516
12711
17919
14228
3587
16642
7884
3294
10909
7471
3281
6245
9580
17858
14836
10934
2087
6803
18895
13251
18421
919
2891
16240
3412
12742
14160
15424
7413
4676
4092
14402
18937
10755
13908
3874
19202
193
18329
10321
10182
6424
12089
16249
19371
12940
5386
2540
3362
14049
14043
8353
3765
19027
11884
19245
1900
9543
9068
14923
9485
1990
16550
18209
7167
5624
7534
7774
3500
8217
3356
6997
15323
8648
18623
7036
9284
7875
6501
12649
544
14494
18862
14281
12332
13615
12284
1322
15244
5993
210
6786
18074
3572
11847
19564
3513
3060
1132
15544
9545
6252
16220
18742
13178
15625
10001
4406
1600
7040
8433
16687
13392
16077
19380
18441
8067
19747
2938
12870
4176
1851
4722
11270
8586
12264
13589
18991
12460
11073
8820
13330
952
1258
19063
5876
18811
7764
6904
11596
8546
11571
19301
18712
9010
15668
5039
19655
8559
19046
13857
1115
16284
19324
18751
13032
15387
9609
226
19623
8920
14874
8762
14179
15269
8070
8209
19743
5209
18676
6838
10043
18636
1876
1294
8855
11360
18361
11463
2804
18725
8319
1463
3465
6660
15145
11424
13545
12839
5551
16719
8110
349
19897
19525
19441
18325
1831
14151
15389
16554
11542
5477
531
2235
13799
3166
15333
1611
4873
5382
15188
18850
8253
9492
14559
19872
6476
8236
17565
8324
19786
830
6375
2849
16913
11416
11237
8103
17674
4253
2246
17097
9908
19475
19216
15220
15505
15772
15261
11868
369
2576
3921
15281
10327
3772
6240
18220
8797
11830
14246
5308
16066
8503
2485
4293
14092
2323
12981
10130
19730
208
8448
2364
12432
12306
17794
16550
6369
18379
13308
16353
10561
4853
11927
14973
6345
17975
3203
12233
5750
7704
16338
7390
6526
263
11227
2645
11140
3368
10310
13536
12213
10670
8063
8710
914
2651
1635
167
16861
1436
12879
1733
7737
14189
17011
1421
11904
11350
2330
4541
9070
18141
14079
1634
15432
101
5952
11096
2362
18723
7612
14864
13068
18945
2875
1599
11025
11268
15453
12713
18776
12283
14544
5694
19627
17295
11911
1206
11127
2446
17726
8722
15144
16755
11044
7989
8417
11903
12549
12338
19715
5225
7201
7501
8941
3285
13674
11945
15503
11767
13840
2994
19151
4226
11880
15561
13915
4128
4600
4826
8289
13801
16712
10876
3712
9045
15220
3329
16919
7820
8056
19897
16407
6435
5946
9242
2047
2070
4335
17302
18885
10655
15314
16262
12395
1008
6478
8508
1954
19730
15690
14566
17074
17367
2615
16653
4426
7481
10661
5926
4956
6406
17403
1511
11551
18807
5603
9035
1826
11154
13054
7729
4523
5317
17254
2419
18974
18255
19105
45
2060
19081
11501
19392
4933
1186
4892
10543
13006
5426
12949
18286
12391
5160
11484
213
1523
9925
5300
12882
17064
2659
9388
10728
9320
1017
4851
611
10471
5298
12382
11505
4741
3087
927
9597
16837
10328
19464
5354
6785
11942
11068
2322
14172
12497
5342
7906
14448
16811
11578
2509
12851
2946
15388
11607
12004
2400
5991
12090
2128
1877
7813
1777
16246
9521
19468
3960
7353
10247
10551
13486
17844
9776
6088
4742
17210
19374
3072
7224
1449
15778
10494
16965
950
9569
13767
13571
11867
11042
17903
2666
12480
1330
1396
1689
6282
19457
10414
5235
14276
2768
12695
7423
17751
7255
9294
15246
7297
19930
19320
767
6724
16428
19020
2688
3906
13042
16419
17834
13915
1054
13196
7862
1741
12028
6832
2159
5694
18405
15344
14960
1679
3251
10904
17441
10560
4049
5323
18737
2279
17084
9108
17672
9093
4915
10081
9955
9579
11415
6567
9937
12949
9788
17936
13492
15351
3322
19141
3223
15874
8253
16685
10348
5558
1855
10053
12705
7426
4869
6440
10126
7371
4936
10071
18823
11756
11265
15049
19677
14316
13611
9280
18048
4632
8812
5723
4778
453
2915
4661
11312
7659
13386
8222
3492
8202
9627
18631
4795
7074
10409
15545
9652
5035
15918
17922
19985
4223
6262
14629
4704
3976
8042
9579
5412
11964
10541
2456
8617
4726
5658
10184
11821
10006
15012
2912
2318
17238
5397
18697
12104
2339
11662
15533
15887
8553
15831
14304
17623
5874
19310
5413
10981
11168
17737
1045
4157
10720
4308
13241
15434
12887
19819
17823
3556
19875
14104
17426
4428
19299
13375
16118
4941
5652
6716
8877
11352
3534
10452
4523
1592
7367
915
13415
18512
11683
6588
3349
13106
5944
18370
18352
2721
6680
1951
1791
15208
18531
7083
17540
14639
6856
6853
19218
6970
18841
941
9731
3031
1703
11260
12522
9692
2421
17791
14965
12601
12219
18890
19098
8969
17807
14421
14065
3825
8547
4676
7888
3982
3896
13155
10751
16362
3743
4256
7279
4267
3661
14731
9526
13272
9165
4023
15883
865
3531
12480
11169
11205
7326
8751
6820
9008
6502
2825
6769
12246
9842
14610
7620
14581
2865
13397
2646
4484
12377
19344
17834
649
12099
11014
12147
12667
9722
14094
7391
12986
10590
10062
6122
6796
15899
6354
14335
5430
9071
2827
7093
17590
3634
2379
7238
8544
15655
14169
3886
646
16267
8808
4790
3838
13337
4343
14859
14796
9201
15396
19323
14604
19058
16835
14831
19597
15338
16651
5537
11369
13588
5304
4036
9196
11863
7756
17656
17936
6282
19652
10790
19346
14942
1395
947
4567
5650
2478
9484
3304
224
1501
6121
4903
2240
6036
8186
2644
6867
18483
6725
3285
14995
16659
4548
7472
16230
2775
12119
15245
641
15056
336
4578
14025
7221
4792
12590
10828
18848
18000
6680
1198
13717
9591
8442
14964
11928
12424
1318
916
19421
11678
6390
1859
13884
18739
2596
7064
15994
19263
12494
19103
762
1689
7765
2330
11248
11676
14882
13324
6491
1261
8314
2826
17980
19916
8285
8549
10790
10317
11104
16534
488
5582
10326
9545
3403
8458
7630
6123
6066
3570
9671
1962
17999
16465
14523
19058
18396
1257
11557
6371
18518
2339
16442
10076
9169
14099
11118
17680
4480
19503
8606
18874
688
11514
10692
2638
759
19702
9016
3189
15379
10457
1935
13146
5841
19034
10230
19279
3480
17262
5321
802
9936
6697
5014
17869
2348
8153
6716
12613
8492
16534
3818
14611
7902
12230
15569
13053
17410
4897
8988
8895
668
5582
3883
18589
8717
4847
2744
5763
12415
12678
14321
400
14984
4405
19794
2640
5162
6109
752
6684
3411
11351
2389
5412
2527
12804
9939
14279
97
11998
13159
7005
18766
207
5542
423
8054
13698
4638
9168
5712
16722
16783
2931
681
7923
18686
702
16236
10342
782
15789
18788
8929
8642
13325
15463
1925
10814
1139
6971
3590
4356
8156
964
8838
776
7141
10450
17777
18865
16759
3746
15180
14192
7578
10761
4659
17957
19132
7528
6465
5039
3950
13056
3420
19423
4960
19033
4772
1531
4705
15559
18363
4773
13928
19294
19280
12945
12808
8223
5120
10031
9987
9568
4891
2471
4232
735
17089
9070
13124
8209
17717
8559
10901
5351
1875
4465
6919
14973
10541
2253
1749
59
2798
4380
13062
9634
1766
11756
12239
12188
14688
2275
7446
18551
16795
8333
4142
2682
16227
877
14991
11521
14527
17110
8727
3389
8565
8794
12439
1829
16067
7129
16317
682
14223
3421
17751
10083
1237
13078
4964
17556
19821
3566
9772
15647
3115
13213
18053
12348
6894
18262
5891
2581
18514
13017
18330
677
7207
18424
1129
12822
14352
11228
9061
5556
6545
18429
17774
17125
1572
16622
15099
1961
3739
19889
18979
14435
3336
19155
12304
19919
4601
17804
16570
10284
10970
13836
10033
10674
9165
513
19973
14227
829
11483
17191
15540
18847
7093
719
1094
297
19342
17770
8337
18440
5853
2065
4138
3269
18212
9230
835
17799
13179
11212
5283
1810
14244
3562
8850
13410
7391
2530
12212
6710
11638
18709
16114
8298
19954
6213
19700
5331
18314
5888
16865
7250
2212
13243
6699
1758
11856
4170
15432
7045
19272
4158
13419
18685
7494
13865
1606
15193
10814
12154
15543
1451
9739
15778
14640
5482
11959
1110
3031
9467
11006
12056
3894
19595
12059
88
13327
13097
15529
5158
6136
17513
10533
15207
174
6510
19988
17977
15358
13580
12590
13349
3769
19635
7538
15742
4066
14497
4325
1358
7271
14214
2493
16192
7541
10043
2595
16639
12044
11583
17469
18230
8174
589
8503
15288
12460
17262
15696
8022
19806
11924
8654
19364
8584
6664
2650
1233
16919
2179
3797
7505
7273
17777
7885
8609
9885
19437
13099
8475
16461
7959
17970
9165
5137
3998
18424
13754
4978
6571
18466
4787
11446
6094
14103
19152
9117
15129
12104
19131
16991
11465
13741
18381
13596
837
7751
10838
16419
16572
4633
7274
5060
98
10207
8716
15523
14882
1630
1353
19254
19266
3696
3390
12515
3696
5526
12005
19725
14946
2000
17527
14315
13389
5898
12765
3243
13141
733
6960
11259
18859
15351
11855
4876
9051
5494
8396
4314
19630
2038
8497
2228
1481
5946
5169
9792
13656
16222
9565
10644
12042
18964
4696
7233
19146
2393
13694
3397
16976
3117
12124
6489
11295
16748
11349
13482
12793
14012
3895
16988
1775
19720
17064
9587
4768
7744
12565
4214
19746
15763
5918
19504
12000
19610
8382
6892
4005
3193
9385
8560
94
1174
5089
19717
9536
7448
13394
11170
4820
3290
1350
8873
2935
5944
3703
11217
12625
7065
16386
453
188
14888
13797
18156
4004
8226
16927
13424
8864
9740
7580
3693
11969
3744
5972
8738
9836
9754
824
19300
6193
391
9806
8443
982
2695
17944
4987
5235
18254
15930
17869
19758
16915
8401
16046
312
5724
10828
8771
5354
13998
4302
1835
6399
1484
3611
8542
15313
12461
14054
9882
1980
4009
8591
14203
513
17864
2609
17860
12644
8627
18494
977
18704
12531
12510
3089
14657
14376
5627
5156
9395
18571
11691
7653
6362
14216
9864
6445
18023
8609
1091
15677
2183
16504
16743
13238
7803
14200
12419
7253
15810
17616
10627
19145
8468
10368
10191
19781
5113
7721
17853
5435
4899
4044
12838
19448
18401
19106
8915
12516
152
19916
6292
13723
379
14965
9046
12744
2352
1414
17270
5369
15259
12457
6726
11091
18580
9533
12324
18931
15799
18858
1780
3145
6873
1654
10150
6311
1959
9774
11504
17220
19336
629
16632
13417
3989
19799
16478
3750
6180
10288
17224
17085
10809
19181
240
17883
12930
5981
9624
13668
9851
13722
4641
2276
10658
13436
10259
6955
13275
2887
13565
16821
8422
3803
5106
3531
1657
12442
18749
915
19421
17204
8449
16888
10478
2228
10469
14389
12076
2387
15115
12153
16846
17842
8560
502
2702
1880
14116
6265
2984
18851
16359
7088
11061
12177
9770
16121
6934
19684
4085
11142
1159
7329
16199
18130
10173
8313
8811
1510
5184
5831
19330
18902
7987
18923
1952
6824
8283
15666
12399
325
1253
18762
826
17758
6828
19473
16714
5266
2942
6783
13524
18179
9473
18394
12940
9876
9658
2960
11958
6246
14388
15828
7793
102
13906
7277
9366
19355
7067
4538
15031
18584
8514
1468
1138
10308
17399
14745
2756
8148
17432
4435
16003
9524
5361
4720
5047
17573
14055
19119
4852
374
6689
17181
6596
4231
12871
8740
11043
2557
11046
8053
15846
6091
9795
1171
10173
12000
18648
1127
6527
3512
15050
7946
15450
9583
7745
573
4509
3979
10256
9647
4851
8401
10275
3624
9810
17180
13276
3736
405
16074
1673
1521
16621
9613
19200
9644
9457
12568
15696
8681
7596
8206
16090
9589
15192
13841
3875
1438
9075
333
13655
3252
10098
2780
12406
11762
6192
676
807
16012
969
11333
11839
11252
17837
10985
18813
18433
5680
5686
5961
4652
14417
17241
5218
5109
7256
9727
7623
19484
17420
4483
4063
18257
13300
7350
19385
17871
1021
12067
17131
3534
18488
1727
19594
3312
18098
11814
9336
1260
19879
169
16288
15136
2158
14021
8315
2181
5309
7633
17138
2793
13103
5279
10831
17788
13115
2240
13929
3905
19095
7309
2174
2766
19122
6554
12996
11847
16957
15151
12873
6456
330
14907
16873
6123
2984
2407
8347
10763
16829
8089
3566
7583
7155
17363
7645
13216
16373
16578
12133
8749
1100
968
4286
3158
18764
5519
1221
3953
16607
11692
9301
2105
10612
172
5832
774
6015
5131
11450
4840
10229
3388
10625
17995
14596
10182
17689
18019
16453
9642
16331
12486
2246
19729
8604
5467
15006
9879
18265
2734
11501
7412
3180
14630
16818
9179
4376
1547
12352
9675
19308
19553
18400
12909
11043
18810
10567
14591
193
4210
2063
2805
19589
3664
13012
15545
2564
698
19314
12939
115
7064
10021
3666
12658
12133
1066
9748
14200
11264
16807
7181
1095
4229
19966
13327
3919
11298
14046
3747
8794
15871
34
17413
16717
6901
7964
2810
14393
11874
11235
19731
2570
9478
6653
12587
15575
6944
18289
3172
1407
9036
17976
3952
17081
4561
1001
1534
18937
4719
11328
9372
14160
2181
19749
170
19751
14839
7852
18316
8166
18560
6169
4954
7928
5372
16078
19074
1589
3275
9275
12055
12639
17461
12186
8261
18449
18648
18577
13351
12679
19817
18183
7075
234
4933
15342
19176
993
3111
1664
3460
6991
16257
19707
18478
16361
1021
1679
19943
18326
15287
17992
314
3877
841
2777
7451
15500
6820
9381
7588
3845
10522
468
591
5458
5861
11908
4364
18596
19578
2387
17408
12365
16858
14770
16565
7076
10123
13199
2664
17990
8637
8848
7433
10537
10579
13401
6275
6726
11473
8446
19555
12110
16033
11057
6356
14170
3396
11049
19599
14780
2394
8931
13338
10367
12215
17302
12509
19521
4689
17721
19571
12089
17234
17716
18121
593
10343
6559
4988
16064
16968
15859
14812
1582
19478
1070
6846
10677
16198
18112
5169
9244
3454
13079
3
8842
12906
18955
16086
7543
16525
13990
2405
18880
9599
4489
5815
17381
7781
7917
19207
17235
7866
13381
7686
10665
4801
4853
308
18031
8690
4137
8319
13946
19150
10438
7579
12592
2255
5624
369
11524
9574
17089
17237
2655
15969
5371
13329
2546
11865
11908
13623
1131
18483
14950
4446
18202
8318
12418
15638
302
13366
2551
5435
14793
2459
15394
1335
6728
19673
2238
10471
12987
8158
10862
13584
12093
9742
9482
2558
18650
17451
4441
2521
4723
12149
1268
331
3224
11285
12895
17908
18896
19334
3287
19696
11637
10290
11822
9728
19295
7561
9412
13366
11824
9026
12024
19977
16669
11724
6309
19781
5305
7283
757
10424
1543
7705
14584
13511
9939
8095
12808
10042
468
10716
15700
17123
2588
10194
14064
8983
9939
9437
19825
7412
12330
13116
16776
13439
14127
9779
6050
3406
4996
18823
11190
12007
9005
991
659
7444
15888
15664
1791
19175
12437
17075
18750
4510
4620
9787
923
19620
10137
6006
15098
10733
4365
19713
11865
12708
18637
15362
6407
8634
3959
14696
15755
11615
6163
1396
8462
15692
13529
6377
7946
13171
1334
10778
19418
14810
2673
3919
18324
6224
5151
5742
8540
11342
674
6838
5527
7454
13516
8005
8794
12893
807
7047
1608
13385
18331
15237
9387
12359
9526
7823
19177
10188
13985
7541
5982
3113
1470
17940
15952
18717
7856
787
5485
1631
15390
8144
43
14803
6586
4277
6528
19574
5135
4329
7035
15916
15941
16115
10383
5266
18909
5989
5527
13406
12818
329
19050
15521
5941
1184
3065
2108
12071
2917
9033
2749
14626
7034
5284
3667
7292
18197
8496
851
1595
13155
1010
823
17687
4782
6314
12820
1747
13995
18214
13713
1953
10076
10614
18849
19402
5787
11936
10373
6932
2734
9540
12914
17813
3082
16040
12981
3682
18843
9255
891
12403
4586
9791
17464
3056
15660
6137
2440
18101
14324
4280
15274
8638
15239
3515
8755
436
15398
3736
15944
4923
13451
4547
18737
16383
16490
11962
5537
16553
10309
18380
10175
13634
16222
7710
7605
4870
10164
13612
5213
14603
1817
16063
4097
13337
13712
12250
16301
15420
10327
15960
16805
12605
19574
188
17272
1557
14912
4597
3798
15218
955
5226
17206
13368
17066
18181
1948
15476
3127
18950
11948
15021
13338
19510
15890
10937
338
16866
12961
11473
11033
4804
19573
17509
10004
7990
10688
2456
380
13945
12695
4824
11033
12193
13557
5711
12075
19322
13100
13496
552
7034
5196
7034
481
12440
9911
10685
3454
7633
18300
13835
2502
11482
62
15787
14220
16628
6541
2871
15974
17418
9907
44
7883
9603
19854
3748
4270
19286
10500
8494
8058
5607
15434
17176
6948
4763
6858
13685
16150
16651
16131
1465
18069
3617
8822
16431
16928
10798
3602
5246
15060
12821
19166
14773
17264
562
5126
1664
9954
9715
14251
12955
5187
14260
11129
4784
7957
11057
12913
10370
1295
18834
12840
3299
19059
7239
7857
7786
14698
17217
3492
13060
4560
10709
7836
6260
5063
19165
5793
12405
14425
3650
4818
14883
13235
13402
6318
13384
10044
715
8896
9891
18496
19076
5203
18527
11500
5852
9730
9221
1669
12376
5763
6380
19725
1506
18628
4860
10764
1335
6272
15662
14206
16499
2844
13254
19699
13110
13890
7262
1406
1676
18720
13252
16469
18472
3350
17657
9222
6313
18457
19914
13887
1517
14115
9323
19357
10394
9785
8859
10072
15545
7842
14610
12505
3046
18870
3170
18865
11398
9338
19985
16446
4616
10655
13126
9174
1606
15965
17043
7185
18753
11216
17784
5111
4124
10072
3312
5760
16871
5347
17183
19558
5756
14701
8101
13955
4322
176
13373
4101
497
15970
4552
2390
14143
19335
11244
8730
14793
13530
12325
7990
16094
2409
7514
8153
8878
10519
365
139
985
10701
11122
1829
12388
8287
11891
9985
966
16377
15488
9426
11462
9162
5021
5640
4828
1381
16964
451
19096
4326
17088
11297
11883
17987
3129
8095
11077
12202
19994
6758
5874
17517
7254
18848
14116
16913
6808
11954
17107
11004
19293
15967
7339
15790
6351
19260
19092
4532
19495
2193
7629
1613
3145
7801
7774
17098
18995
9800
5819
14219
19077
1180
14429
19939
18066
6588
9731
2950
5779
14143
6378
14795
19939
11027
7775
14348
2921
2642
5910
14446
13480
9544
3497
1608
5505
19591
10136
1681
12436
17138
2318
5485
7895
14877
784
17602
7303
18760
142
2121
9046
1518
18030
15941
16755
3494
7784
7072
19894
3608
4035
16725
11430
2023
6583
2657
9752
8518
9006
3884
15847
6939
19528
1682
10114
2537
6017
19187
19696
4893
4022
18761
8562
15034
6129
7365
10874
14937
4289
19479
12112
8217
14514
3561
1272
16307
4776
1835
18026
1526
402
7169
10251
10855
2276
4673
296
6149
17106
15968
3967
14872
1617
17374
5399
15338
9701
8394
6868
17898
14284
4973
141
8082
7968
14815
15777
9894
17666
19494
8252
4240
3614
14379
7629
1523
16151
15496
9136
12412
9070
12721
11812
18745
3389
17183
4543
19265
8841
5717
1715
1949
9272
14572
3047
756
1612
5125
11628
10913
5011
10168
14146
8713
9550
1595
4913
16806
19837
3374
18086
7010
8963
19863
756
19661
19594
16534
15505
6822
16113
10050
11700
8149
9928
16830
13364
12227
5151
5511
14865
896
17500
13707
2275
9375
10362
11962
10796
1734
14507
593
19577
3067
17030
1683
18755
13097
17623
10707
15227
1745
570
10857
17937
9105
6362
7918
17364
3262
7336
3134
3633
5225
12386
2208
4163
8074
1011
18559
2079
11897
13097
9936
6773
2077
6086
3467
6915
2063
4100
12710
11560
13016
5637
17685
9476
16150
15863
17205
19803
5795
11279
12672
9120
9385
4251
5790
7833
3088
18052
13847
11290
18968
7094
8875
16490
8818
6595
15117
8179
6103
4841
3074
2094
8432
9521
17500
4543
3292
2161
952
18614
17317
14494
6936
3919
4469
11011
688
4217
16879
18680
196
912
12275
16651
9422
18225
19038
2032
13791
2567
7212
4126
11298
14314
14523
13417
8184
9796
15140
3719
19299
10808
4285
10100
6328
17763
3947
12286
5035
3019
15769
98
12322
4754
4204
10780
18648
4179
12599
16151
9768
8898
13682
9514
12378
17914
19534
19250
14970
12218
6888
17484
13095
11749
16473
16665
16584
8320
5942
2634
14156
10664
8469
2712
4953
8239
16553
5040
22
2750
12005
11087
16013
1904
4708
6809
16
17767
1661
460
5782
14907
15366
4772
8754
11428
4817
9332
19524
5402
2759
11102
6365
7895
19862
4818
12337
15502
9689
5210
10568
12703
2895
15678
3718
11571
13372
5061
3668
19322
6266
4399
2225
7272
9630
27
7724
146
13964
94
11860
18992
13616
8253
8742
15718
19224
14628
8511
9940
12569
9757
13943
9021
1480
14707
4749
13842
3481
17864
17498
14282
5045
3663
14095
15169
18756
222
9091
19999
8096
6519
6649
10919
3906
11705
1209
3485
19952
15075
4669
15055
9193
14799
3741
17718
1742
4995
9980
14586
13543
6978
19668
12530
18468
16454
1011
5934
11850
4884
17350
11785
13403
1603
8305
8770
6328
15998
17866
12540
18330
17240
1238
8864
12436
8764
9088
16440
7872
6764
2862
15930
1612
792
2503
16460
11570
12861
8887
1186
19716
10372
53
8152
15666
16217
18040
18110
13974
11540
15209
7475
10804
10610
2113
3140
116
12078
3297
8074
16377
19228
17696
759
13088
6308
19185
16678
2437
1335
4510
7463
4984
3344
12961
18708
7098
16462
17975
8513
4807
16742
4074
1693
8674
6099
2973
3661
19154
6609
8070
12747
7786
6321
19190
18288
5417
8611
8140
16547
10733
16394
4331
14514
3179
12373
7401
20000
2804
980
2219
10930
9453
2318
14070
2062
10630
12628
12885
19125
15119
18116
8085
18608
6067
7550
7953
6391
19102
13661
9531
18576
11518
19822
1232
2180
14880
8063
485
12159
16419
2324
2802
12430
19038
1688
17829
7072
7921
17456
7530
1911
8343
15605
9520
397
5145
13690
3427
2980
17728
13669
5831
9388
2447
14763
5286
10239
17859
6298
610
600
19618
8681
16891
15664
9225
12105
14108
3505
19526
6558
3936
4889
11826
19477
18530
10731
9470
13369
2672
10830
4814
17117
18981
17947
10970
3096
10301
10056
3639
14353
16733
3754
5338
9302
15262
17436
14365
18124
11300
8654
14406
19400
11326
1752
9393
7672
19988
12878
19417
7215
2344
13351
2364
5924
5674
7216
10512
4409
5643
